SetDesc: ...
Authors: ...
Reference: ...
Format: lhagrid1
DataVersion: 1
NumMembers: 1
Flavors: [-6, -5, -4, -3, -2, -1, 21, 1, 2, 3, 4, 5, 6]
OrderQCD: 3
FlavorScheme: variable
ErrorType: symmhessian
XMin: 0.0001
XMax: 1
QMin: 1
QMax: 1000
MZ: 91.1876
MUp: 0
MDown: 0
MStrange: 0
MCharm: 1.43
MBottom: 4.5
MTop: 173
AlphaS_MZ: 0.118
AlphaS_OrderQCD: 3
AlphaS_Type: ipol
AlphaS_Qs: [1, 1.02023, 1.04118, 1.06286, 1.08532, 1.10859, 1.13271, 1.15771, 1.18363, 1.21052, 1.23843, 1.2674, 1.29747, 1.32871, 1.36118, 1.39492, 1.43, 1.43, 1.469, 1.50968, 1.55215, 1.5965, 1.64282, 1.69124, 1.74186, 1.79482, 1.85024, 1.90826, 1.96905, 2.03275, 2.09955, 2.16962, 2.24317, 2.3204, 2.40155, 2.48685, 2.57657, 2.67098, 2.7704, 2.87513, 2.98553, 3.10198, 3.22486, 3.35463, 3.49175, 3.63671, 3.79007, 3.95242, 4.12438, 4.30666, 4.5, 4.5, 4.70796, 4.92901, 5.16414, 5.41443, 5.68106, 5.96529, 6.26852, 6.59228, 6.93822, 7.30815, 7.70405, 8.1281, 8.58268, 9.0704, 9.59411, 10.157, 10.7624, 11.4143, 12.1168, 12.8746, 13.6927, 14.5768, 15.5332, 16.5688, 17.6913, 18.9092, 20.232, 21.6702, 23.2356, 24.9412, 26.8017, 28.8333, 31.0545, 33.4855, 36.1494, 39.072, 42.2821, 45.8126, 49.7, 53.9861, 58.7176, 63.9477, 69.7367, 76.1527, 83.2736, 91.1876, 98.4357, 106.365, 115.049, 124.569, 135.015, 146.49, 159.109, 173, 173, 190.787, 210.71, 233.061, 258.171, 286.426, 318.266, 354.205, 394.833, 440.837, 493.014, 552.291, 619.746, 696.64, 784.447, 884.892, 1000]
AlphaS_Vals: [0.46685, 0.458506, 0.450387, 0.442485, 0.43479, 0.427293, 0.419985, 0.412859, 0.405908, 0.399124, 0.392502, 0.386034, 0.379716, 0.373541, 0.367504, 0.361601, 0.355829, 0.357157, 0.351723, 0.346387, 0.341148, 0.336003, 0.33095, 0.325986, 0.32111, 0.316318, 0.31161, 0.306982, 0.302434, 0.297963, 0.293567, 0.289244, 0.284994, 0.280814, 0.276702, 0.272658, 0.26868, 0.264766, 0.260915, 0.257126, 0.253397, 0.249727, 0.246115, 0.242559, 0.23906, 0.235615, 0.232223, 0.228883, 0.225595, 0.222358, 0.21917, 0.21948, 0.216611, 0.213777, 0.210977, 0.20821, 0.205476, 0.202775, 0.200107, 0.197471, 0.194867, 0.192294, 0.189752, 0.187241, 0.184761, 0.18231, 0.17989, 0.177499, 0.175137, 0.172804, 0.170499, 0.168223, 0.165974, 0.163754, 0.16156, 0.159394, 0.157254, 0.155141, 0.153054, 0.150992, 0.148957, 0.146946, 0.144961, 0.143, 0.141064, 0.139152, 0.137264, 0.135399, 0.133558, 0.13174, 0.129945, 0.128173, 0.126423, 0.124695, 0.122989, 0.121305, 0.119642, 0.118, 0.116652, 0.115319, 0.113999, 0.112694, 0.111403, 0.110125, 0.108861, 0.107611, 0.107611, 0.106185, 0.104778, 0.103387, 0.102014, 0.100658, 0.0993185, 0.0979957, 0.0966895, 0.0953995, 0.0941256, 0.0928676, 0.0916254, 0.0903986, 0.0891873, 0.0879912, 0.0868101]
