    1   'ADbar'    0.253937    0.010837
    2   'AUbar'    1.000000    0.000000
    3   'Adv'    1.000000    0.000000
    4   'Ag'    1.000000    0.000000
    5   'Agp'    0.163458    0.214822
    6   'Auv'    1.000000    0.000000
    7   'BDbar'   -0.132677    0.005291
    8   'Bdv'    1.006632    0.086538
    9   'Bg'   -0.058609    0.113086
   10   'Bgp'   -0.378045    0.086367
   11   'Buv'    0.780820    0.028202
   12   'CDbar'    9.823652    2.189621
   13   'CUbar'    6.787376    1.617693
   14   'Cdv'    4.764243    0.396631
   15   'Cg'    5.513241    0.669663
   16   'Cgp'   25.000000    0.000000
   17   'Cuv'    4.830488    0.083719
   18   'DUbar'    2.229644    2.456881
   19   'Euv'   10.983230    1.518224
   20   'ZERO'    0.000000    0.000000
   21   'fd'    1.000000    0.000000
   22   'fs'    0.400000    0.000000
   23   'sysHZComb1053'  -16.407600    2.363923
   24   'proc_tb21'   -6.479889    1.042267
