
COVARIANCE MATRIX 
                       Adbar           Agp         Bdbar           Bdv            Bg           Bgp           Buv         Cdbar           Cdv            Cg         Cubar           Cuv         Dubar           Euv
         Adbar     1.461e-05      0.000425     1.123e-05     4.337e-05    -0.0004168     0.0002666     2.653e-05      0.000985     0.0002122     -0.001775       0.00136    -5.093e-05     0.0002659     -0.001287
           Agp      0.000425       0.09468     0.0004089      0.002679      -0.09061       0.06035      0.001863      -0.02433       0.01144       -0.3008       -0.1522      -0.00518       -0.1522      -0.09636
         Bdbar     1.123e-05     0.0004089     9.525e-06     3.193e-05    -0.0004092     0.0002473     1.661e-05     0.0009075      0.000168     -0.001795      0.001009    -3.972e-05     0.0001195    -0.0009185
           Bdv     4.337e-05      0.002679     3.193e-05      0.003487     -0.002265      0.002048     0.0001968       0.04087       0.01274     -0.006691       -0.1074    -0.0003906      -0.09563      -0.00191
            Bg    -0.0004168      -0.09061    -0.0004092     -0.002265       0.08728      -0.05714     -0.001553       0.01611      -0.01011        0.2955        0.1498      0.004681        0.1481       0.08367
           Bgp     0.0002666       0.06035     0.0002473      0.002048      -0.05714       0.03918      0.001427      -0.02197      0.008322       -0.1838      -0.09052     -0.003608      -0.09293       -0.0706
           Buv     2.653e-05      0.001863     1.661e-05     0.0001968     -0.001553      0.001427     0.0003456     -0.004575    -0.0001053     -0.002544      -0.01946    -0.0001927      -0.02156      -0.01065
         Cdbar      0.000985      -0.02433     0.0009075       0.04087       0.01611      -0.02197     -0.004575          2.57        0.1498       -0.2008        -2.214     -0.002918        -1.725        0.2047
           Cdv     0.0002122       0.01144      0.000168       0.01274      -0.01011      0.008322    -0.0001053        0.1498       0.06788      -0.04571       0.02544     -0.004778      0.006503      -0.03099
            Cg     -0.001775       -0.3008     -0.001795     -0.006691        0.2955       -0.1838     -0.002544       -0.2008      -0.04571         1.104        0.2556       0.01553        0.3121        0.2296
         Cubar       0.00136       -0.1522      0.001009       -0.1074        0.1498      -0.09052      -0.01946        -2.214       0.02544        0.2556         18.92       -0.1206         15.89         -1.62
           Cuv    -5.093e-05      -0.00518    -3.972e-05    -0.0003906      0.004681     -0.003608    -0.0001927     -0.002918     -0.004778       0.01553       -0.1206      0.004483      -0.09929       0.04927
         Dubar     0.0002659       -0.1522     0.0001195      -0.09563        0.1481      -0.09293      -0.02156        -1.725      0.006503        0.3121         15.89      -0.09929         13.55        -1.185
           Euv     -0.001287      -0.09636    -0.0009185      -0.00191       0.08367       -0.0706      -0.01065        0.2047      -0.03099        0.2296         -1.62       0.04927        -1.185        0.8417

CORRELATION MATRIX 
                       Adbar           Agp         Bdbar           Bdv            Bg           Bgp           Buv         Cdbar           Cdv            Cg         Cubar           Cuv         Dubar           Euv
         Adbar             1        0.3614        0.9521        0.1922       -0.3691        0.3524        0.3735        0.1608        0.2131       -0.4418       0.08183        -0.199        0.0189       -0.3671
           Agp        0.3614             1        0.4306        0.1475       -0.9968        0.9909        0.3256      -0.04932        0.1427       -0.9302       -0.1137       -0.2514       -0.1344       -0.3414
         Bdbar        0.9521        0.4306             1        0.1752       -0.4487        0.4048        0.2896        0.1834        0.2089       -0.5534       0.07513       -0.1922       0.01052       -0.3244
           Bdv        0.1922        0.1475        0.1752             1       -0.1298        0.1752        0.1793        0.4318         0.828       -0.1078        -0.418       -0.0988       -0.4399      -0.03525
            Bg       -0.3691       -0.9968       -0.4487       -0.1298             1       -0.9772       -0.2828       0.03402       -0.1314        0.9518        0.1166        0.2367        0.1362        0.3087
           Bgp        0.3524        0.9909        0.4048        0.1752       -0.9772             1        0.3879      -0.06923        0.1614       -0.8834       -0.1051       -0.2722       -0.1275       -0.3888
           Buv        0.3735        0.3256        0.2896        0.1793       -0.2828        0.3879             1       -0.1535      -0.02174       -0.1302       -0.2407       -0.1548        -0.315       -0.6244
         Cdbar        0.1608      -0.04932        0.1834        0.4318       0.03402      -0.06923       -0.1535             1        0.3586       -0.1192       -0.3175      -0.02718       -0.2924        0.1392
           Cdv        0.2131        0.1427        0.2089         0.828       -0.1314        0.1614      -0.02174        0.3586             1       -0.1669       0.02245       -0.2739       0.00678       -0.1297
            Cg       -0.4418       -0.9302       -0.5534       -0.1078        0.9518       -0.8834       -0.1302       -0.1192       -0.1669             1        0.0559        0.2207       0.08066        0.2381
         Cubar       0.08183       -0.1137       0.07513        -0.418        0.1166       -0.1051       -0.2407       -0.3175       0.02245        0.0559             1       -0.4141        0.9925       -0.4059
           Cuv        -0.199       -0.2514       -0.1922       -0.0988        0.2367       -0.2722       -0.1548      -0.02718       -0.2739        0.2207       -0.4141             1       -0.4028        0.8021
         Dubar        0.0189       -0.1344       0.01052       -0.4399        0.1362       -0.1275        -0.315       -0.2924       0.00678       0.08066        0.9925       -0.4028             1       -0.3509
           Euv       -0.3671       -0.3414       -0.3244      -0.03525        0.3087       -0.3888       -0.6244        0.1392       -0.1297        0.2381       -0.4059        0.8021       -0.3509             1
GLOBAL CORRELATION COEFFICIENT
    0          Adbar         0.9734
    1            Agp              1
    2          Bdbar         0.9795
    3            Bdv         0.9863
    4             Bg              1
    5            Bgp         0.9999
    6            Buv         0.9943
    7          Cdbar         0.9762
    8            Cdv         0.9756
    9             Cg         0.9992
   10          Cubar         0.9997
   11            Cuv         0.9835
   12          Dubar         0.9997
   13            Euv         0.9949
