
COVARIANCE MATRIX 
                       Adbar           Agp         Bdbar           Bdv            Bg           Bgp           Buv         Cdbar           Cdv            Cg         Cubar           Cuv         Dubar           Euv
         Adbar     1.632e-05      0.000908     1.276e-05     5.483e-05    -0.0004677     0.0002384     3.197e-05      0.001046     0.0002647     -0.001884        0.0018    -6.186e-05     0.0005233     -0.001553
           Agp      0.000908        0.2397     0.0008357      0.006209       -0.1176       0.06322      0.003757      -0.02185       0.02628       -0.3679      -0.05674     -0.009017        -0.101       -0.1856
         Bdbar     1.276e-05     0.0008357     1.088e-05     4.218e-05    -0.0004423     0.0002117     2.138e-05     0.0009691     0.0002145      -0.00185      0.001431    -4.894e-05     0.0003755     -0.001149
           Bdv     5.483e-05      0.006209     4.218e-05      0.003511     -0.002648      0.001904     0.0002204       0.04043       0.01296     -0.007658       -0.0914    -0.0005241      -0.08174     -0.004036
            Bg    -0.0004677       -0.1176    -0.0004423     -0.002648       0.05883      -0.03031     -0.001521    -0.0006991      -0.01193        0.1932       0.03035      0.004073       0.05089       0.07965
           Bgp     0.0002384       0.06322     0.0002117      0.001904      -0.03031       0.01712      0.001171     -0.009998      0.007816      -0.09042     -0.007601     -0.002617      -0.02181      -0.05605
           Buv     3.197e-05      0.003757     2.138e-05     0.0002204     -0.001521      0.001171     0.0003588     -0.004452     3.384e-05     -0.002211      -0.01444    -0.0002348      -0.01743      -0.01149
         Cdbar      0.001046      -0.02185     0.0009691       0.04043    -0.0006991     -0.009998     -0.004452          2.54        0.1487       -0.2592        -2.029     -0.004646        -1.552        0.1848
           Cdv     0.0002647       0.02628     0.0002145       0.01296      -0.01193      0.007816     3.384e-05        0.1487       0.06955       -0.0505       0.05977     -0.005278       0.03187      -0.04123
            Cg     -0.001884       -0.3679      -0.00185     -0.007658        0.1932      -0.09042     -0.002211       -0.2592       -0.0505        0.7406       -0.1269       0.01285    -0.0001831        0.2043
         Cubar        0.0018      -0.05674      0.001431       -0.0914       0.03035     -0.007601      -0.01444        -2.029       0.05977       -0.1269         15.96       -0.1134         13.18        -1.627
           Cuv    -6.186e-05     -0.009017    -4.894e-05    -0.0005241      0.004073     -0.002617    -0.0002348     -0.004646     -0.005278       0.01285       -0.1134      0.004475      -0.09129       0.05034
         Dubar     0.0005233        -0.101     0.0003755      -0.08174       0.05089      -0.02181      -0.01743        -1.552       0.03187    -0.0001831         13.18      -0.09129         11.09        -1.159
           Euv     -0.001553       -0.1856     -0.001149     -0.004036       0.07965      -0.05605      -0.01149        0.1848      -0.04123        0.2043        -1.627       0.05034        -1.159         0.879

CORRELATION MATRIX 
                       Adbar           Agp         Bdbar           Bdv            Bg           Bgp           Buv         Cdbar           Cdv            Cg         Cubar           Cuv         Dubar           Euv
         Adbar             1         0.459        0.9573         0.229       -0.4772         0.451        0.4178        0.1624        0.2484       -0.5419        0.1115       -0.2289       0.03889       -0.4101
           Agp         0.459             1        0.5175         0.214       -0.9899        0.9867        0.4051        -0.028        0.2035        -0.873      -0.02901       -0.2753      -0.06191       -0.4042
         Bdbar        0.9573        0.5175             1        0.2158       -0.5529        0.4906        0.3422        0.1844        0.2467       -0.6519        0.1086       -0.2218       0.03419       -0.3715
           Bdv         0.229         0.214        0.2158             1       -0.1842        0.2456        0.1964        0.4281        0.8295       -0.1502       -0.3861       -0.1322       -0.4142      -0.07264
            Bg       -0.4772       -0.9899       -0.5529       -0.1842             1       -0.9549       -0.3311     -0.001809       -0.1866        0.9255       0.03132         0.251         0.063        0.3503
           Bgp         0.451        0.9867        0.4906        0.2456       -0.9549             1        0.4723      -0.04794        0.2265        -0.803      -0.01454        -0.299      -0.05005       -0.4569
           Buv        0.4178        0.4051        0.3422        0.1964       -0.3311        0.4723             1       -0.1475      0.006774       -0.1356       -0.1908       -0.1853       -0.2763       -0.6469
         Cdbar        0.1624        -0.028        0.1844        0.4281     -0.001809      -0.04794       -0.1475             1        0.3539        -0.189       -0.3187      -0.04358       -0.2924        0.1237
           Cdv        0.2484        0.2035        0.2467        0.8295       -0.1866        0.2265      0.006774        0.3539             1       -0.2225       0.05673       -0.2991       0.03629       -0.1667
            Cg       -0.5419        -0.873       -0.6519       -0.1502        0.9255        -0.803       -0.1356        -0.189       -0.2225             1      -0.03691        0.2233    -6.387e-05        0.2532
         Cubar        0.1115      -0.02901        0.1086       -0.3861       0.03132      -0.01454       -0.1908       -0.3187       0.05673      -0.03691             1       -0.4244        0.9908       -0.4343
           Cuv       -0.2289       -0.2753       -0.2218       -0.1322         0.251        -0.299       -0.1853      -0.04358       -0.2991        0.2233       -0.4244             1       -0.4097        0.8027
         Dubar       0.03889      -0.06191       0.03419       -0.4142         0.063      -0.05005       -0.2763       -0.2924       0.03629    -6.387e-05        0.9908       -0.4097             1       -0.3711
           Euv       -0.4101       -0.4042       -0.3715      -0.07264        0.3503       -0.4569       -0.6469        0.1237       -0.1667        0.2532       -0.4343        0.8027       -0.3711             1
GLOBAL CORRELATION COEFFICIENT
    0          Adbar         0.9752
    1            Agp              1
    2          Bdbar         0.9815
    3            Bdv         0.9874
    4             Bg         0.9999
    5            Bgp         0.9997
    6            Buv         0.9946
    7          Cdbar          0.981
    8            Cdv         0.9781
    9             Cg         0.9993
   10          Cubar         0.9997
   11            Cuv         0.9839
   12          Dubar         0.9997
   13            Euv         0.9952
