Parameters:
  Adbar: [ 0.155920, 0.003822 ]
  Agp: [ 0.078230, 0.307663 ]
  Bdbar: [ -0.151278, 0.003086 ]
  Bdv: [ 1.116198, 0.059050 ]
  Bg: [ -0.025192, 0.295375 ]
  Bgp: [ -0.345087, 0.197870 ]
  Buv: [ 0.848223, 0.018590 ]
  Cdbar: [ 11.518758, 1.603130 ]
  Cdv: [ 5.217138, 0.260545 ]
  Cg: [ 4.892242, 1.050698 ]
  Cubar: [ 5.571558, 4.350217 ]
  Cuv: [ 4.771414, 0.066955 ]
  Dubar: [ -1.360628, 3.681331 ]
  Euv: [ 8.205450, 0.917465 ]
