Parameters:
  Adbar: [ 0.155920, 0.003822 ]
  Agp: [ 0.078219, 0.307693 ]
  Bdbar: [ -0.151278, 0.003086 ]
  Bdv: [ 1.116198, 0.059049 ]
  Bg: [ -0.025182, 0.295425 ]
  Bgp: [ -0.345094, 0.197933 ]
  Buv: [ 0.848223, 0.018590 ]
  Cdbar: [ 11.518774, 1.603133 ]
  Cdv: [ 5.217137, 0.260543 ]
  Cg: [ 4.892273, 1.050883 ]
  Cubar: [ 5.571541, 4.350150 ]
  Cuv: [ 4.771415, 0.066955 ]
  Dubar: [ -1.360644, 3.681259 ]
  Euv: [ 8.205462, 0.917449 ]
