Parameters:
  Adbar: [ 0.155918, 0.004040 ]
  Agp: [ 0.206193, 0.489559 ]
  Bdbar: [ -0.151283, 0.003298 ]
  Bdv: [ 1.116689, 0.059256 ]
  Bg: [ -0.038432, 0.242499 ]
  Bgp: [ -0.335825, 0.130791 ]
  Buv: [ 0.848770, 0.018942 ]
  Cdbar: [ 11.491684, 1.593685 ]
  Cdv: [ 5.216988, 0.263726 ]
  Cg: [ 4.863024, 0.860430 ]
  Cubar: [ 5.507688, 3.994626 ]
  Cuv: [ 4.770660, 0.066899 ]
  Dubar: [ -1.411664, 3.330083 ]
  Euv: [ 8.187612, 0.937553 ]
