Parameters:
  Adbar: [ 0.155917, 0.004040 ]
  Agp: [ 0.206134, 0.489691 ]
  Bdbar: [ -0.151283, 0.003298 ]
  Bdv: [ 1.116687, 0.059255 ]
  Bg: [ -0.038406, 0.242583 ]
  Bgp: [ -0.335842, 0.130896 ]
  Buv: [ 0.848768, 0.018942 ]
  Cdbar: [ 11.491725, 1.593699 ]
  Cdv: [ 5.216982, 0.263721 ]
  Cg: [ 4.863084, 0.860722 ]
  Cubar: [ 5.507765, 3.995118 ]
  Cuv: [ 4.770663, 0.066899 ]
  Dubar: [ -1.411583, 3.330574 ]
  Euv: [ 8.187687, 0.937528 ]
