Parameters:
  Adbar: [ 0.155917, 0.004040 ]
  Agp: [ 0.206126, 0.489706 ]
  Bdbar: [ -0.151283, 0.003298 ]
  Bdv: [ 1.116687, 0.059254 ]
  Bg: [ -0.038402, 0.242592 ]
  Bgp: [ -0.335844, 0.130910 ]
  Buv: [ 0.848768, 0.018942 ]
  Cdbar: [ 11.491741, 1.593697 ]
  Cdv: [ 5.216981, 0.263720 ]
  Cg: [ 4.863095, 0.860755 ]
  Cubar: [ 5.507686, 3.994731 ]
  Cuv: [ 4.770664, 0.066898 ]
  Dubar: [ -1.411647, 3.330193 ]
  Euv: [ 8.187705, 0.937529 ]
