Parameters:
  Adbar: [ 0.155920, 0.003822 ]
  Agp: [ 0.078224, 0.307680 ]
  Bdbar: [ -0.151278, 0.003086 ]
  Bdv: [ 1.116198, 0.059049 ]
  Bg: [ -0.025186, 0.295403 ]
  Bgp: [ -0.345091, 0.197905 ]
  Buv: [ 0.848223, 0.018590 ]
  Cdbar: [ 11.518757, 1.603131 ]
  Cdv: [ 5.217138, 0.260544 ]
  Cg: [ 4.892265, 1.050803 ]
  Cubar: [ 5.571561, 4.350256 ]
  Cuv: [ 4.771414, 0.066955 ]
  Dubar: [ -1.360626, 3.681366 ]
  Euv: [ 8.205450, 0.917455 ]
