  MINUIT RELEASE 96.03  INITIALIZED.   DIMENSIONS 200/ 50  EPSMAC=  0.89E-15

 PARAMETER DEFINITIONS:
    NO.   NAME         VALUE      STEP SIZE      LIMITS
     1 'alphaIR   '   0.39000      0.10000E-01     no limits
     2 'c0ir      '  -0.14000      0.10000E-01     no limits
     3 'c1ir      '   0.28000      0.10000E-01     no limits
     4 'delta0    '  -0.86000      0.10000E-01     no limits
     5 'delta1    '   -1.8000      0.10000E-01     no limits
     6 'epsilon0  '   0.31000      0.10000E-01     no limits
     7 'epsilon1  '   0.79000E-01  0.10000E-01     no limits
     8 'r0        '    6.4000      0.10000E-01     no limits
     9 'r1        '   0.58000      0.10000E-01     no limits
    10 's0bv0     '   -11.600      0.10000E-01     no limits
    11 's0bv1     '   -6.1100      0.10000E-01     no limits
    12 's0bv2     '   -4.6700      0.10000E-01     no limits
    13 's0bv3     '   -5.0700      0.10000E-01     no limits
    14 's0bv4     '   -6.3240      0.10000E-01     no limits
    15 's0bv5     '   -6.9540      0.10000E-01     no limits
    16 's0rv0     '   -1.1200      constant
    17 's0rv1     '   -1.2260      constant
    18 's0rv2     '   -2.3000      constant
    19 's1bv0     '  -0.94500      0.10000E-01     no limits
    20 's1bv1     '  -0.91000      0.10000E-01     no limits
    21 's1bv2     '   -1.3780      0.10000E-01     no limits
    22 's1bv3     '   -2.6030      0.10000E-01     no limits
    23 's1bv4     '   -4.5970      0.10000E-01     no limits
    24 's1bv5     '   -7.6200      0.10000E-01     no limits
    25 's1rv0     '   -3.4200      constant
    26 's1rv1     '   -1.8600      constant
    27 's1rv2     '   -6.1000      constant
 **********
 **    1 **MIGRAD 
 **********

 FIRST CALL TO USER FUNCTION AT NEW START POINT, WITH IFLAG=4.
 START MIGRAD MINIMIZATION.  STRATEGY 1.  CONVERGENCE WHEN EDM .LT. 0.10E-03

 FCN=   643.9692     FROM MIGRAD    STATUS=INITIATE      76 CALLS       77 TOTAL
                     EDM= unknown      STRATEGY= 1      NO ERROR MATRIX       

  EXT PARAMETER               CURRENT GUESS       STEP         FIRST   
  NO.   NAME        VALUE          ERROR          SIZE      DERIVATIVE 
   1   alphaIR     0.39000       0.10000E-01   0.10000E-01    29.394    
   2   c0ir       -0.14000       0.10000E-01   0.10000E-01    38.469    
   3   c1ir        0.28000       0.10000E-01   0.10000E-01    2.5706    
   4   delta0     -0.86000       0.10000E-01   0.10000E-01   -142.47    
   5   delta1      -1.8000       0.10000E-01   0.10000E-01    6.9330    
   6   epsilon0    0.31000       0.10000E-01   0.10000E-01    12404.    
   7   epsilon1    0.79000E-01   0.10000E-01   0.10000E-01   -12832.    
   8   r0           6.4000       0.10000E-01   0.10000E-01   -1.0488    
   9   r1          0.58000       0.10000E-01   0.10000E-01    12.329    
  10   s0bv0       -11.600       0.10000E-01   0.10000E-01    16.564    
  11   s0bv1       -6.1100       0.10000E-01   0.10000E-01   -98.811    
  12   s0bv2       -4.6700       0.10000E-01   0.10000E-01    274.29    
  13   s0bv3       -5.0700       0.10000E-01   0.10000E-01   -1110.9    
  14   s0bv4       -6.3240       0.10000E-01   0.10000E-01    411.05    
  15   s0bv5       -6.9540       0.10000E-01   0.10000E-01    1936.2    
  16   s0rv0       -1.1200       constant   
  17   s0rv1       -1.2260       constant   
  18   s0rv2       -2.3000       constant   
  19   s1bv0      -0.94500       0.10000E-01   0.10000E-01   -568.66    
  20   s1bv1      -0.91000       0.10000E-01   0.10000E-01   -141.26    
  21   s1bv2       -1.3780       0.10000E-01   0.10000E-01   -179.53    
  22   s1bv3       -2.6030       0.10000E-01   0.10000E-01   -549.65    
  23   s1bv4       -4.5970       0.10000E-01   0.10000E-01   -658.88    
  24   s1bv5       -7.6200       0.10000E-01   0.10000E-01    268.39    
  25   s1rv0       -3.4200       constant   
  26   s1rv1       -1.8600       constant   
  27   s1rv2       -6.1000       constant   

 MIGRAD MINIMIZATION HAS CONVERGED.

 FCN=   594.8101     FROM MIGRAD    STATUS=CONVERGED    968 CALLS      969 TOTAL
                     EDM=  0.53E-05  STRATEGY=1  ERROR MATRIX UNCERTAINTY=  4.3%

  EXT PARAMETER                                   STEP         FIRST   
  NO.   NAME        VALUE          ERROR          SIZE      DERIVATIVE 
   1   alphaIR     0.38905       0.91536E-02   0.96819E-04  -0.25840    
   2   c0ir       -0.12926       0.52484E-01   0.26527E-03   0.86665E-01
   3   c1ir        0.27464       0.14276       0.14868E-02  -0.31159E-02
   4   delta0     -0.84958       0.30615E-01  -0.40278E-04  -0.25650E-01
   5   delta1      -1.9080       0.91830       0.49254E-02   0.11771E-02
   6   epsilon0    0.30678       0.15728E-02  -0.25201E-04   0.81210    
   7   epsilon1    0.82807E-01   0.39949E-02   0.52995E-04  -0.84099    
   8   r0           6.1026       0.56667      -0.18711E-02  -0.45635E-02
   9   r1          0.63875       0.46194       0.10382E-02   0.18013E-02
  10   s0bv0       -11.546       0.40797       0.59096E-02   0.66290E-02
  11   s0bv1       -6.0972       0.56645E-01   0.32951E-03   0.44305E-01
  12   s0bv2       -4.6622       0.50804E-01  -0.75505E-03  -0.13121    
  13   s0bv3       -5.0719       0.23966E-01  -0.10002E-03   0.25866E-01
  14   s0bv4       -6.3254       0.10692E-01   0.11037E-03   0.20971E-01
  15   s0bv5       -6.9558       0.96422E-02   0.11226E-03  -0.33509    
  16   s0rv0       -1.1200       constant   
  17   s0rv1       -1.2260       constant   
  18   s0rv2       -2.3000       constant   
  19   s1bv0      -0.94233       0.20318E-01  -0.29682E-03   0.91611E-01
  20   s1bv1      -0.90268       0.36778E-01  -0.43565E-03   0.29494E-01
  21   s1bv2       -1.3740       0.34599E-01  -0.38570E-03  -0.33404E-01
  22   s1bv3       -2.5996       0.27276E-01  -0.13270E-03   0.56976E-01
  23   s1bv4       -4.5886       0.32114E-01  -0.49099E-03   0.52965E-01
  24   s1bv5       -7.6091       0.89826E-01   0.95186E-04   0.15420E-01
  25   s1rv0       -3.4200       constant   
  26   s1rv1       -1.8600       constant   
  27   s1rv2       -6.1000       constant   

 EXTERNAL ERROR MATRIX.    NDIM=  50    NPAR= 21    ERR DEF=  1.00    
 ELEMENTS ABOVE DIAGONAL ARE NOT PRINTED.
  0.838E-04
 -0.205E-03 0.275E-02
 -0.117E-03 0.317E-02 0.204E-01
 -0.112E-03 0.802E-03 0.941E-03 0.937E-03
 -0.106E-02 0.110E-01 0.214E-01-0.107E-03 0.843E+00
 -0.616E-05-0.745E-05-0.353E-04 0.103E-04-0.299E-04 0.247E-05
  0.318E-05 0.149E-03 0.275E-03 0.339E-04 0.656E-03-0.308E-05 0.160E-04
  0.181E-02-0.142E-01-0.174E-01-0.132E-01-0.424E-01-0.380E-05-0.669E-03 0.321E+00
  0.156E-04 0.413E-02-0.166E-02 0.390E-02-0.249E+00-0.587E-04 0.417E-03-0.616E-01 0.213E+00
  0.133E-02 0.653E-02 0.187E-01-0.109E-02 0.980E-02-0.340E-03 0.114E-02 0.183E-01 0.286E-01 0.166E+00
 -0.169E-04 0.165E-02 0.248E-02 0.284E-03 0.877E-03-0.264E-04 0.152E-03-0.435E-02 0.477E-02 0.822E-02 0.321E-02
 -0.323E-03 0.473E-03-0.503E-03 0.704E-03 0.741E-02 0.506E-04-0.779E-04-0.122E-01-0.149E-02-0.147E-01-0.538E-03
  0.258E-02
 -0.910E-05-0.596E-03-0.109E-02 0.593E-04 0.303E-02 0.129E-04-0.623E-04-0.178E-02-0.254E-02-0.531E-02-0.973E-03
  0.496E-03 0.574E-03
  0.525E-04 0.137E-04 0.234E-03-0.124E-03-0.190E-02-0.940E-05 0.213E-04 0.245E-02 0.671E-03 0.304E-02 0.248E-03
 -0.467E-03-0.167E-03 0.114E-03
  0.339E-04 0.120E-03 0.363E-03-0.822E-04-0.108E-02-0.976E-05 0.247E-04 0.124E-02 0.750E-03 0.283E-02 0.277E-03
 -0.361E-03-0.172E-03 0.854E-04 0.930E-04
 -0.306E-04-0.703E-03-0.125E-02-0.145E-03-0.288E-02 0.156E-04-0.745E-04 0.294E-02-0.196E-02-0.563E-02-0.722E-03
  0.425E-03 0.290E-03-0.110E-03-0.122E-03 0.413E-03
  0.150E-05-0.118E-02-0.183E-02-0.334E-03-0.812E-02 0.209E-04-0.114E-03 0.649E-02-0.188E-02-0.100E-01-0.775E-03
  0.469E-03 0.371E-03-0.115E-03-0.158E-03 0.545E-03 0.135E-02
 -0.267E-05-0.123E-02-0.269E-02-0.328E-03-0.679E-02 0.257E-04-0.122E-03 0.630E-02-0.159E-02-0.873E-02-0.125E-02
  0.532E-03 0.496E-03-0.152E-03-0.179E-03 0.566E-03 0.950E-03 0.120E-02
  0.116E-03-0.106E-02-0.164E-02-0.573E-03-0.646E-02-0.226E-05-0.599E-04 0.997E-02-0.145E-02-0.197E-02-0.502E-03
 -0.531E-03 0.120E-03 0.814E-04 0.183E-04 0.253E-03 0.588E-03 0.577E-03 0.744E-03
 -0.138E-03-0.102E-03-0.620E-03-0.117E-04-0.165E-02 0.214E-04-0.632E-04-0.169E-03-0.105E-02-0.623E-02-0.595E-03
  0.105E-02 0.122E-03-0.181E-03-0.949E-04 0.321E-03 0.398E-03 0.514E-03 0.618E-04 0.103E-02
  0.138E-03-0.189E-02-0.305E-02-0.188E-03 0.369E-02-0.221E-04-0.133E-03-0.576E-02-0.580E-02-0.138E-01-0.219E-02
  0.451E-03 0.147E-02-0.330E-03-0.264E-03 0.591E-03 0.114E-02 0.117E-02 0.889E-03 0.499E-03 0.807E-02

 PARAMETER  CORRELATION COEFFICIENTS
       NO.  GLOBAL     1     2     3     4     5     6     7     8     9    10    11    12    13    14    15    19
        1  0.80083  1.000-0.428-0.090-0.401-0.126-0.428 0.087 0.349 0.004 0.355-0.033-0.695-0.041 0.536 0.384-0.164
        2  0.90155 -0.428 1.000 0.423 0.499 0.228-0.090 0.712-0.479 0.170 0.305 0.554 0.177-0.474 0.024 0.238-0.659
        3  0.61126 -0.090 0.423 1.000 0.215 0.163-0.157 0.482-0.215-0.025 0.321 0.307-0.069-0.318 0.153 0.264-0.430
        4  0.85294 -0.401 0.499 0.215 1.000-0.004 0.214 0.278-0.760 0.276-0.087 0.163 0.452 0.081-0.378-0.279-0.233
        5  0.79345 -0.126 0.228 0.163-0.004 1.000-0.021 0.179-0.081-0.588 0.026 0.017 0.159 0.138-0.194-0.122-0.154
        6  0.85661 -0.428-0.090-0.157 0.214-0.021 1.000-0.491-0.004-0.081-0.530-0.296 0.633 0.341-0.559-0.644 0.489
        7  0.97568  0.087 0.712 0.482 0.278 0.179-0.491 1.000-0.296 0.226 0.699 0.671-0.384-0.650 0.498 0.641-0.917
        8  0.84591  0.349-0.479-0.215-0.760-0.081-0.004-0.296 1.000-0.235 0.079-0.136-0.422-0.131 0.405 0.226 0.255
        9  0.74903  0.004 0.170-0.025 0.276-0.588-0.081 0.226-0.235 1.000 0.152 0.182-0.064-0.229 0.136 0.168-0.209
       10  0.94012  0.355 0.305 0.321-0.087 0.026-0.530 0.699 0.079 0.152 1.000 0.356-0.708-0.543 0.696 0.720-0.679
       11  0.89721 -0.033 0.554 0.307 0.163 0.017-0.296 0.671-0.136 0.182 0.356 1.000-0.187-0.717 0.409 0.506-0.628
       12  0.98383 -0.695 0.177-0.069 0.452 0.159 0.633-0.384-0.422-0.064-0.708-0.187 1.000 0.407-0.860-0.737 0.411
       13  0.97365 -0.041-0.474-0.318 0.081 0.138 0.341-0.650-0.131-0.229-0.543-0.717 0.407 1.000-0.653-0.746 0.596
       14  0.94816  0.536 0.024 0.153-0.378-0.194-0.559 0.498 0.405 0.136 0.696 0.409-0.860-0.653 1.000 0.829-0.508
       15  0.95163  0.384 0.238 0.264-0.279-0.122-0.644 0.641 0.226 0.168 0.720 0.506-0.737-0.746 0.829 1.000-0.624
       19  0.93017 -0.164-0.659-0.430-0.233-0.154 0.489-0.917 0.255-0.209-0.679-0.628 0.411 0.596-0.508-0.624 1.000
       20  0.86852  0.004-0.610-0.348-0.297-0.240 0.361-0.773 0.311-0.111-0.669-0.372 0.251 0.421-0.293-0.444 0.730
                    1.000 0.747 0.586 0.337 0.345
       21  0.93230 -0.008-0.679-0.544-0.309-0.214 0.472-0.883 0.322-0.100-0.618-0.639 0.303 0.598-0.412-0.538 0.805
                    0.747 1.000 0.612 0.463 0.377
       22  0.94950  0.463-0.737-0.421-0.686-0.258-0.053-0.550 0.645-0.115-0.177-0.325-0.383 0.183 0.279 0.070 0.456
                    0.586 0.612 1.000 0.071 0.363
       23  0.96348 -0.470-0.061-0.135-0.012-0.056 0.423-0.493-0.009-0.071-0.476-0.327 0.645 0.158-0.527-0.306 0.491
                    0.337 0.463 0.071 1.000 0.173
       24  0.94493  0.167-0.401-0.238-0.068 0.045-0.157-0.372-0.113-0.140-0.378-0.431 0.099 0.684-0.343-0.305 0.324
                    0.345 0.377 0.363 0.173 1.000
 **********
 **    2 **CALL FCN    3.000    
 **********
