SetDesc: "..."
Authors: "..."
Reference: "..."
Format: lhagrid1
DataVersion: 1
NumMembers: 1
Flavors: [-6, -5, -4, -3, -2, -1, 0, 1, 2, 3, 4, 5, 6, 21, ]
OrderQCD: 3
FlavorScheme: variable
ErrorType: symmhessian
XMin: 1e-05
XMax: 1.01937
QMin: 1
QMax: 1000
MZ: 91.1876
MUp: 0
MDown: 0
MStrange: 0
MCharm: 1.43
MBottom: 4.5
MTop: 173
AlphaS_MZ: 0.118
AlphaS_OrderQCD: 3
AlphaS_Type: ipol
AlphaS_Qs: [1, 1.05555, 1.11653, 1.18363, 1.25762, 1.3394, 1.43, 1.43, 1.43, 1.53232, 1.64647, 1.77417, 1.91743, 2.07865, 2.26065, 2.46678, 2.70102, 2.96816, 3.27394, 3.62527, 4.03055, 4.5, 4.5, 4.5, 5.01967, 5.62253, 6.32486, 7.14666, 8.11263, 9.2534, 10.6072, 12.2221, 14.1584, 16.493, 19.3236, 22.7762, 27.0129, 32.2451, 38.7493, 46.8901, 57.1518, 70.1823, 86.8557, 108.36, 136.324, 173, 173, 173, 237.851, 332.119, 471.347, 680.439, 1000]
AlphaS_Vals: [0.471407, 0.448153, 0.426755, 0.40696, 0.388568, 0.371411, 0.355353, 0.359154, 0.355351, 0.345156, 0.331839, 0.319154, 0.307056, 0.295505, 0.284464, 0.2739, 0.263786, 0.254094, 0.2448, 0.235882, 0.227319, 0.219095, 0.219729, 0.219095, 0.212887, 0.206242, 0.19979, 0.193524, 0.187441, 0.181536, 0.175802, 0.170237, 0.164834, 0.15959, 0.154501, 0.149562, 0.14477, 0.14012, 0.135608, 0.131231, 0.126986, 0.122868, 0.118875, 0.115002, 0.111247, 0.107607, 0.107662, 0.107607, 0.103584, 0.0996304, 0.0958005, 0.0920921, 0.0885031]
