SetDesc: "Generated using xFitter"
Format: lhagrid1
DataVersion: 1
NumMembers: 1
Flavors: [-6, -5, -4, -3, -2, -1, 0, 1, 2, 3, 4, 5, 6, 21, ]
OrderQCD: 2
FlavorScheme: variable
ErrorType: symmhessian
XMin: 1e-05
XMax: 1.01937
QMin: 1
QMax: 1000
MZ: 91.1876
MUp: 0
MDown: 0
MStrange: 0
MCharm: 1.43
MBottom: 4.5
MTop: 173
AlphaS_MZ: 0.118
AlphaS_OrderQCD: 2
AlphaS_Type: ipol
AlphaS_Qs: [1, 1.05555, 1.11653, 1.18363, 1.25762, 1.3394, 1.43, 1.43, 1.43, 1.53232, 1.64647, 1.77417, 1.91743, 2.07865, 2.26065, 2.46678, 2.70102, 2.96816, 3.27394, 3.62527, 4.03055, 4.5, 4.5, 4.5, 5.01967, 5.62253, 6.32486, 7.14666, 8.11263, 9.2534, 10.6072, 12.2221, 14.1584, 16.493, 19.3236, 22.7762, 27.0129, 32.2451, 38.7493, 46.8901, 57.1518, 70.1823, 86.8557, 108.36, 136.324, 173, 173, 173, 237.851, 332.119, 471.347, 680.439, 1000]
AlphaS_Vals: [0.466814, 0.445063, 0.424807, 0.405882, 0.38815, 0.371492, 0.355809, 0.357153, 0.355808, 0.34355, 0.330561, 0.318148, 0.306275, 0.294909, 0.284021, 0.273583, 0.263572, 0.253964, 0.244739, 0.235876, 0.227358, 0.219168, 0.21948, 0.219168, 0.212673, 0.206059, 0.199633, 0.193392, 0.187329, 0.181441, 0.175723, 0.170171, 0.16478, 0.159546, 0.154465, 0.149534, 0.144747, 0.140103, 0.135596, 0.131223, 0.126981, 0.122866, 0.118874, 0.115004, 0.11125, 0.107611, 0.107647, 0.107611, 0.103571, 0.0996195, 0.0957911, 0.0920839, 0.088496]
