SetDesc: "..."
Authors: "..."
Reference: "..."
Format: lhagrid1
DataVersion: 1
NumMembers: 1
Flavors: [-5, -4, -3, -2, -1, 1, 2, 3, 4, 5, 21, ]
OrderQCD: 1
FlavorScheme: variable
ErrorType: symmhessian
XMin: 1e-06
XMax: 1
QMin: 1
QMax: 10000
MZ: 91.1876
MUp: 0
MDown: 0
MStrange: 0
MCharm: 1.43
MBottom: 4.5
MTop: 173
AlphaS_MZ: 0.118002
AlphaS_OrderQCD: 1
AlphaS_Type: ipol
AlphaS_Qs: [1, 1.02318, 1.04729, 1.07239, 1.09852, 1.12573, 1.15408, 1.18363, 1.21445, 1.2466, 1.28015, 1.31518, 1.35177, 1.39002, 1.43, 1.43, 1.47451, 1.52122, 1.57027, 1.6218, 1.67598, 1.73297, 1.79295, 1.85612, 1.92268, 1.99286, 2.0669, 2.14507, 2.22765, 2.31495, 2.40729, 2.50504, 2.60858, 2.71833, 2.83475, 2.95834, 3.08964, 3.22922, 3.37773, 3.53587, 3.70439, 3.88411, 4.07595, 4.28088, 4.5, 4.5, 4.7342, 4.98502, 5.25389, 5.54238, 5.85219, 6.18522, 6.54356, 6.9295, 7.34559, 7.79465, 8.27977, 8.80441, 9.3724, 9.98798, 10.6559, 11.3814, 12.1703, 13.0293, 13.9656, 14.9874, 16.104, 17.3255, 18.6637, 20.1314, 21.7435, 23.5165, 25.469, 27.6223, 30.0004, 32.6304, 35.5434, 38.7747, 42.3643, 46.3582, 50.809, 55.7767, 61.3305, 67.5498, 74.526, 82.3646, 91.1876, 99.5251, 108.766, 119.022, 130.418, 143.1, 157.232, 173, 173, 193.833, 217.605, 244.784, 275.922, 311.669, 352.793, 400.205, 454.986, 518.42, 592.041, 677.678, 777.528, 894.224, 1030.94, 1191.5, 1380.53, 1603.66, 1867.71, 2181, 2553.73, 2998.37, 3530.26, 4168.33, 4935.97, 5862.17, 6983.03, 8343.53, 10000]
AlphaS_Vals: [0.436029, 0.428747, 0.421322, 0.413978, 0.406885, 0.399948, 0.393144, 0.386474, 0.380029, 0.37365, 0.367325, 0.361974, 0.356554, 0.351223, 0.346017, 0.346015, 0.340565, 0.335192, 0.329902, 0.324693, 0.319559, 0.314505, 0.309529, 0.304625, 0.2998, 0.295048, 0.290366, 0.285759, 0.281223, 0.276754, 0.272358, 0.268028, 0.263764, 0.25957, 0.255438, 0.251371, 0.24737, 0.243428, 0.23955, 0.235733, 0.231979, 0.22833, 0.224694, 0.221277, 0.218116, 0.218116, 0.214964, 0.211883, 0.208842, 0.205835, 0.202866, 0.199934, 0.197036, 0.194176, 0.19135, 0.188559, 0.185804, 0.183083, 0.180397, 0.177745, 0.175126, 0.172542, 0.169991, 0.167472, 0.164988, 0.162534, 0.160114, 0.157726, 0.155368, 0.153042, 0.150748, 0.148483, 0.14625, 0.144046, 0.141872, 0.139729, 0.137613, 0.135527, 0.13347, 0.13144, 0.12944, 0.127465, 0.125519, 0.123601, 0.121708, 0.119842, 0.118002, 0.116466, 0.114948, 0.113448, 0.111966, 0.110503, 0.109056, 0.107627, 0.107627, 0.105976, 0.104348, 0.102744, 0.101162, 0.0996026, 0.098066, 0.0965514, 0.0950576, 0.0935865, 0.0921359, 0.0907061, 0.0892978, 0.0879089, 0.0865409, 0.0851929, 0.0838638, 0.082555, 0.0812648, 0.0799934, 0.0787414, 0.0775069, 0.0762912, 0.0750935, 0.0739128, 0.0727505, 0.0716049, 0.0704762, 0.0693649]
