SetDesc: ...
Authors: ...
Reference: ...
Format: lhagrid1
DataVersion: 1
NumMembers: 1
Flavors: [-6, -5, -4, -3, -2, -1, 21, 1, 2, 3, 4, 5, 6]
OrderQCD: 1
FlavorScheme: variable
ErrorType: symmhessian
XMin: 8e-07
XMax: 1
QMin: 1
QMax: 10000
MZ: 91.1876
MUp: 0
MDown: 0
MStrange: 0
MCharm: 1.27
MBottom: 4.5
MTop: 173
AlphaS_MZ: 0.118
AlphaS_OrderQCD: 1
AlphaS_Type: ipol
AlphaS_Qs: [1, 1.02248, 1.04583, 1.07011, 1.09535, 1.1216, 1.14892, 1.17737, 1.20698, 1.23784, 1.27, 1.27, 1.30685, 1.34545, 1.38589, 1.4283, 1.47278, 1.51947, 1.5685, 1.62002, 1.67418, 1.73115, 1.79112, 1.85428, 1.92083, 1.99101, 2.06505, 2.14323, 2.22582, 2.31313, 2.40549, 2.50327, 2.60685, 2.71665, 2.83313, 2.95679, 3.08817, 3.22786, 3.37649, 3.53477, 3.70344, 3.88336, 4.07541, 4.2806, 4.5, 4.5, 4.7342, 4.98502, 5.25389, 5.54238, 5.85219, 6.18522, 6.54356, 6.9295, 7.34559, 7.79465, 8.27977, 8.80441, 9.3724, 9.98798, 10.6559, 11.3814, 12.1703, 13.0293, 13.9656, 14.9874, 16.104, 17.3255, 18.6637, 20.1314, 21.7435, 23.5165, 25.469, 27.6223, 30.0004, 32.6304, 35.5434, 38.7747, 42.3643, 46.3582, 50.809, 55.7767, 61.3305, 67.5498, 74.526, 82.3646, 91.1876, 99.5251, 108.766, 119.022, 130.418, 143.1, 157.232, 173, 173, 193.833, 217.605, 244.784, 275.922, 311.669, 352.793, 400.205, 454.986, 518.42, 592.041, 677.678, 777.528, 894.224, 1030.94, 1191.5, 1380.53, 1603.66, 1867.71, 2181, 2553.73, 2998.37, 3530.26, 4168.33, 4935.97, 5862.17, 6983.03, 8343.53, 10000]
AlphaS_Vals: [0.446653, 0.438848, 0.43122, 0.423761, 0.416466, 0.409331, 0.402349, 0.395517, 0.388829, 0.382282, 0.375873, 0.375869, 0.369637, 0.363518, 0.357511, 0.351613, 0.345821, 0.340134, 0.334548, 0.329062, 0.323674, 0.31838, 0.31318, 0.30807, 0.30305, 0.298117, 0.293269, 0.288505, 0.283822, 0.27922, 0.274696, 0.270249, 0.265878, 0.26158, 0.257355, 0.253201, 0.249116, 0.2451, 0.24115, 0.237266, 0.233446, 0.22969, 0.225996, 0.222362, 0.218788, 0.218788, 0.215613, 0.212479, 0.209386, 0.206333, 0.20332, 0.200346, 0.197411, 0.194515, 0.191657, 0.188837, 0.186053, 0.183307, 0.180598, 0.177924, 0.175286, 0.172684, 0.170116, 0.167583, 0.165084, 0.162619, 0.160187, 0.157788, 0.155422, 0.153088, 0.150786, 0.148515, 0.146276, 0.144067, 0.141889, 0.139741, 0.137623, 0.135534, 0.133474, 0.131443, 0.12944, 0.127465, 0.125518, 0.123599, 0.121706, 0.11984, 0.118, 0.116464, 0.114946, 0.113447, 0.111965, 0.110502, 0.109056, 0.107628, 0.107628, 0.105977, 0.104351, 0.102747, 0.101166, 0.0996077, 0.0980718, 0.0965579, 0.0950657, 0.0935951, 0.0921456, 0.0907171, 0.0893092, 0.0879218, 0.0865545, 0.085207, 0.0838793, 0.0825709, 0.0812816, 0.0800112, 0.0787594, 0.077526, 0.0763108, 0.0751134, 0.0739338, 0.0727716, 0.0716266, 0.0704985, 0.0693872]
