    1   'ABM_ds_A'    0.145053    0.007167
    2   'ABM_ds_a'   -0.169994    0.009161
    3   'ABM_ds_b'    8.416856    0.274565
    4   'ABM_ds_g1'   13.436014    1.816524
    5   'ABM_dv_A'    1.000000    0.000000
    6   'ABM_dv_a'    0.342515    0.053540
    7   'ABM_dv_b'    4.082276    0.400192
    8   'ABM_dv_g1'   -3.676063    0.656475
    9   'ABM_dv_g2'    0.702022    1.442483
   10   'ABM_dv_g3'    0.000000    0.000000
   11   'ABM_g_A'    1.000000    0.000000
   12   'ABM_g_a'   -0.147279    0.007075
   13   'ABM_g_b'    5.791649    0.496263
   14   'ABM_g_g1'  -14.800426    2.632031
   15   'ABM_ss_A'    0.061129    0.003495
   16   'ABM_ss_a'   -0.334775    0.015376
   17   'ABM_ss_b'    6.542539    0.223627
   18   'ABM_us_A'    0.070325    0.006128
   19   'ABM_us_a'   -0.411432    0.022706
   20   'ABM_us_b'    8.024962    0.289768
   21   'ABM_us_g1'    5.026590    0.718574
   22   'ABM_us_gm1'    0.035926    0.002205
   23   'ABM_uv_A'    1.000000    0.000000
   24   'ABM_uv_a'    0.572964    0.022634
   25   'ABM_uv_b'    3.409429    0.046789
   26   'ABM_uv_g1'   -0.694110    0.221696
   27   'ABM_uv_g2'   -2.282380    0.287502
   28   'ABM_uv_g3'    1.576104    0.538687
   29   'N_BCDMS'    1.000000    0.000000
   30   'N_NMC120'    1.000000    0.000000
   31   'N_NMC200'    1.000000    0.000000
   32   'N_NMC280'    1.000000    0.000000
   33   'N_NMC90'    1.000000    0.000000
   34   'N_SLAC49a'    1.000000    0.000000
   35   'N_SLAC49b'    1.000000    0.000000
   36   'N_SLAC87'    1.000000    0.000000
   37   'N_SLAC89b'    1.000000    0.000000
   38   'ZERO'    0.000000    0.000000
   39   'alphas_Q0_start'    0.465408    0.014950
   40   'br_cmu_0'    0.090483    0.001860
   41   'br_cmu_1'    4.555082    0.766929
   42   'ht_alpha_f2'    0.000000    0.000000
   43   'ht_alpha_ft'    0.038139    0.054998
   44   'ht_f2_1'    0.024062    0.013083
   45   'ht_f2_2'   -0.027657    0.008707
   46   'ht_f2_3'    0.000624    0.005487
   47   'ht_f2_4'    0.023040    0.004612
   48   'ht_f2_5'    0.046084    0.003694
   49   'ht_f2_6'    0.003707    0.002797
   50   'ht_f2_7'    0.000000    0.000000
   51   'ht_ft_1'   -0.290916    0.084654
   52   'ht_ft_2'   -0.135038    0.027106
   53   'ht_ft_3'   -0.075303    0.014527
   54   'ht_ft_4'    0.030216    0.013059
   55   'ht_ft_5'    0.017026    0.008176
   56   'ht_ft_6'    0.006963    0.004976
   57   'ht_ft_7'    0.000000    0.000000
   58   'htns_alpha_f2'    0.000000    0.000000
   59   'htns_alpha_f3'    0.000000    0.000000
   60   'htns_alpha_ft'    0.000000    0.000000
   61   'htns_f2_1'    0.000000    0.000000
   62   'htns_f2_2'   -0.064836    0.000000
   63   'htns_f2_3'    0.016308    0.000000
   64   'htns_f2_4'    0.280770    0.000000
   65   'htns_f2_5'    0.185130    0.000000
   66   'htns_f2_6'    0.093590    0.000000
   67   'htns_f2_7'    0.000000    0.000000
   68   'htns_f3_1'    0.000000    0.000000
   69   'htns_f3_2'   -0.260790    0.000000
   70   'htns_f3_3'   -0.457310    0.000000
   71   'htns_f3_4'    0.182790    0.000000
   72   'htns_f3_5'    0.132770    0.000000
   73   'htns_f3_6'    0.044260    0.000000
   74   'htns_f3_7'    0.000000    0.000000
   75   'htns_ft_1'    0.000000    0.000000
   76   'htns_ft_2'    0.000000    0.000000
   77   'htns_ft_3'    0.000000    0.000000
   78   'htns_ft_4'    0.000000    0.000000
   79   'htns_ft_5'    0.000000    0.000000
   80   'htns_ft_6'    0.000000    0.000000
   81   'htns_ft_7'    0.000000    0.000000
   82   'mbt'    3.883178    0.040426
   83   'mch'    1.258517    0.011016
   84   'mtp'  161.783025    0.800831
