SetDesc: "Minimal parameterisation. NLO negative pion fitted to Drell-Yan data of experiments NA10 and E615 and prompt photon production data of experiment WA70. Nuclear PDF set nCTEQ15FullNuc_184_74 was used for tungsten target."
Authors: "xFitter Developers' team: Ivan Novikov, Hamed Abdolmaleki, Daniel Britzger, Amanda Cooper-Sarkar, Francesco Giuli, Alexander Glazov, Aleksander Kusina, Agnieszka Luszczak, Fred Olness, Pavel Starovoitov, Mark Sutton, Oleksandr Zenaiev"
Format: lhagrid1
DataVersion: 1
NumMembers: 1
Flavors: [-6, -5, -4, -3, -2, -1, 1, 2, 3, 4, 5, 6, 21, ]
OrderQCD: 1
FlavorScheme: variable
ErrorType: symmhessian
XMin: 9.9e-07
XMax: 0.99085
QMin: 1
QMax: 14317.8
MZ: 91.1876
MUp: 0
MDown: 0
MStrange: 0
MCharm: 1.43
MBottom: 4.5
MTop: 173
AlphaS_MZ: 0.118
AlphaS_OrderQCD: 1
AlphaS_Type: ipol
AlphaS_Qs: [1, 1.11291, 1.23856, 1.3784, 1.40397, 1.43, 1.43, 1.50649, 1.58708, 1.67197, 1.7614, 1.85562, 1.95488, 2.05945, 2.16961, 2.28567, 2.40793, 2.53673, 2.67242, 2.81537, 2.96597, 3.12462, 3.29176, 3.46784, 3.65334, 3.84876, 4.05463, 4.27151, 4.5, 4.5, 4.8708, 5.27215, 5.70657, 6.17678, 6.68574, 7.23664, 7.83294, 8.47837, 9.17698, 9.93315, 10.7516, 11.6376, 12.5965, 13.6344, 14.7579, 15.9739, 17.2902, 18.7149, 20.257, 21.9261, 23.7328, 25.6884, 27.8051, 30.0962, 32.5761, 35.2603, 38.1657, 41.3106, 44.7145, 48.399, 52.387, 56.7037, 61.376, 66.4333, 71.9074, 77.8325, 84.2458, 91.1876, 100.139, 109.968, 120.763, 132.617, 145.634, 159.93, 175.628, 175.628, 192.868, 211.8, 232.59, 255.421, 280.493, 308.027, 338.263, 371.466, 407.929, 447.972, 491.945, 540.234, 593.263, 651.498, 715.449, 785.677, 862.799, 947.491, 1040.5, 1142.63, 1254.79, 1377.96, 1513.22, 1661.76, 1824.88, 2004.01, 2200.72, 2416.75, 2653.97, 2914.49, 3200.57, 3514.74, 3859.75, 4238.62, 4654.68, 5111.58, 5613.34, 6164.34, 6769.43, 7433.92, 8163.63, 8964.97, 9844.98, 10811.4, 11872.6, 13038, 14317.8]
AlphaS_Vals: [0.450741, 0.41506, 0.385033, 0.359369, 0.355329, 0.351387, 0.351384, 0.341678, 0.332528, 0.323888, 0.315713, 0.307966, 0.300613, 0.293625, 0.286973, 0.280632, 0.274582, 0.268802, 0.263273, 0.257979, 0.252906, 0.248038, 0.243364, 0.238871, 0.23455, 0.23039, 0.226381, 0.222517, 0.218789, 0.218788, 0.213874, 0.209185, 0.204704, 0.200418, 0.196314, 0.192381, 0.188607, 0.184984, 0.181502, 0.178152, 0.174928, 0.171822, 0.168828, 0.165939, 0.163151, 0.160457, 0.157854, 0.155336, 0.152899, 0.15054, 0.148255, 0.146039, 0.143891, 0.141807, 0.139783, 0.137818, 0.135909, 0.134054, 0.132249, 0.130494, 0.128786, 0.127123, 0.125503, 0.123926, 0.122388, 0.120889, 0.119426, 0.118, 0.116358, 0.114761, 0.113209, 0.111699, 0.110229, 0.108799, 0.107406, 0.107406, 0.106049, 0.104726, 0.103437, 0.10218, 0.100953, 0.099756, 0.0985876, 0.0974468, 0.0963325, 0.0952439, 0.0941801, 0.0931402, 0.0921234, 0.091129, 0.0901562, 0.0892042, 0.0882725, 0.0873604, 0.0864673, 0.0855925, 0.0847355, 0.0838958, 0.0830728, 0.0822661, 0.0814751, 0.0806995, 0.0799387, 0.0791923, 0.0784599, 0.0777412, 0.0770357, 0.0763431, 0.075663, 0.0749951, 0.074339, 0.0736945, 0.0730612, 0.0724389, 0.0718272, 0.0712259, 0.0706347, 0.0700534, 0.0694817, 0.0689194, 0.0683662, 0.067822, 0.0672865]
