SetDesc: ...
Authors: ...
Reference: ...
Format: lhagrid1
DataVersion: 1
NumMembers: 1
Flavors: [-6, -5, -4, -3, -2, -1, 21, 1, 2, 3, 4, 5, 6]
OrderQCD: 1
FlavorScheme: fixed
ErrorType: symmhessian
XMin: 9.9e-07
XMax: 0.99085
QMin: 1
QMax: 14317.8
MZ: 91.188
MUp: 0
MDown: 0
MStrange: 0
MCharm: 1.257
MBottom: 4.19
MTop: 173
AlphaS_MZ: 0.1059
AlphaS_OrderQCD: 2
AlphaS_Type: ipol
AlphaS_Qs: [1, 1.08776, 1.18322, 1.21955, 1.257, 1.257, 1.32455, 1.39574, 1.47074, 1.54978, 1.63307, 1.72083, 1.81331, 1.91076, 2.01345, 2.12165, 2.23567, 2.35582, 2.48242, 2.61583, 2.75641, 2.90454, 3.06063, 3.22511, 3.39843, 3.58107, 3.77352, 3.97631, 4.19, 4.19, 4.54378, 4.92743, 5.34348, 5.79465, 6.28391, 6.81449, 7.38987, 8.01383, 8.69047, 9.42424, 10.22, 11.0829, 12.0187, 13.0335, 14.1339, 15.3273, 16.6215, 18.0249, 19.5468, 21.1972, 22.987, 24.9279, 27.0327, 29.3152, 31.7904, 34.4746, 37.3854, 40.542, 43.9651, 47.6773, 51.7029, 56.0684, 60.8025, 65.9363, 71.5036, 77.541, 84.0881, 91.188, 100.316, 110.358, 121.405, 133.558, 146.927, 161.635, 177.815, 177.815, 195.614, 215.195, 236.737, 260.435, 286.505, 315.184, 346.735, 381.443, 419.626, 461.632, 507.842, 558.678, 614.602, 676.125, 743.806, 818.262, 900.172, 990.28, 1089.41, 1198.46, 1318.43, 1450.41, 1595.59, 1755.31, 1931.02, 2124.32, 2336.97, 2570.91, 2828.26, 3111.37, 3422.82, 3765.46, 4142.38, 4557.04, 5013.21, 5515.04, 6067.11, 6674.43, 7342.56, 8077.56, 8886.13, 9775.65, 10754.2, 11830.7, 13015, 14317.8]
AlphaS_Vals: [0.441675, 0.41431, 0.390399, 0.382518, 0.374976, 0.374972, 0.362654, 0.35118, 0.340463, 0.330429, 0.321011, 0.312153, 0.303804, 0.29592, 0.288462, 0.281395, 0.274688, 0.268313, 0.262245, 0.256463, 0.250944, 0.245673, 0.24063, 0.235802, 0.231175, 0.226736, 0.222473, 0.218376, 0.214435, 0.214435, 0.208619, 0.203126, 0.197928, 0.193002, 0.188327, 0.183883, 0.179653, 0.175621, 0.171774, 0.168099, 0.164585, 0.16122, 0.157995, 0.154902, 0.151932, 0.149078, 0.146334, 0.143692, 0.141147, 0.138695, 0.136328, 0.134044, 0.131838, 0.129706, 0.127643, 0.125648, 0.123716, 0.121844, 0.12003, 0.11827, 0.116563, 0.114906, 0.113297, 0.111734, 0.110214, 0.108736, 0.107299, 0.1059, 0.104301, 0.102751, 0.101247, 0.0997877, 0.098371, 0.0969951, 0.095658, 0.095658, 0.0943583, 0.0930942, 0.0918644, 0.0906674, 0.0895019, 0.0883667, 0.0872606, 0.0861825, 0.0851313, 0.084106, 0.0831057, 0.0821293, 0.0811762, 0.0802453, 0.0793361, 0.0784476, 0.0775792, 0.0767303, 0.0759, 0.075088, 0.0742934, 0.0735158, 0.0727547, 0.0720094, 0.0712795, 0.0705646, 0.0698642, 0.0691777, 0.0685049, 0.0678453, 0.0671984, 0.066564, 0.0659417, 0.0653312, 0.064732, 0.0641439, 0.0635665, 0.0629997, 0.062443, 0.0618963, 0.0613592, 0.0608315, 0.0603129, 0.0598033, 0.0593023, 0.0588098]
