SetDesc: ...
Authors: ...
Reference: ...
Format: lhagrid1
DataVersion: 1
NumMembers: 1
Flavors: [-6, -5, -4, -3, -2, -1, 21, 1, 2, 3, 4, 5, 6]
OrderQCD: 1
FlavorScheme: variable
ErrorType: symmhessian
XMin: 9.9e-07
XMax: 0.99085
QMin: 1
QMax: 14317.8
MZ: 91.188
MUp: 0
MDown: 0
MStrange: 0
MCharm: 1.43
MBottom: 4.5
MTop: 173
AlphaS_MZ: 0.118
AlphaS_OrderQCD: 2
AlphaS_Type: ipol
AlphaS_Qs: [1, 1.11291, 1.23856, 1.3784, 1.40397, 1.43, 1.43, 1.50649, 1.58708, 1.67197, 1.7614, 1.85562, 1.95488, 2.05945, 2.16961, 2.28567, 2.40793, 2.53673, 2.67242, 2.81537, 2.96597, 3.12462, 3.29176, 3.46784, 3.65334, 3.84876, 4.05463, 4.27151, 4.5, 4.5, 4.8708, 5.27215, 5.70657, 6.17679, 6.68575, 7.23665, 7.83294, 8.47837, 9.17699, 9.93316, 10.7516, 11.6376, 12.5965, 13.6344, 14.7579, 15.974, 17.2902, 18.7149, 20.257, 21.9262, 23.7329, 25.6884, 27.8051, 30.0963, 32.5762, 35.2604, 38.1659, 41.3107, 44.7147, 48.3991, 52.3872, 56.7039, 61.3762, 66.4336, 71.9077, 77.8328, 84.2462, 91.188, 100.139, 109.969, 120.763, 132.617, 145.635, 159.93, 175.629, 175.629, 192.869, 211.801, 232.591, 255.422, 280.494, 308.028, 338.264, 371.467, 407.931, 447.973, 491.946, 540.235, 593.265, 651.499, 715.451, 785.679, 862.801, 947.493, 1040.5, 1142.63, 1254.8, 1377.97, 1513.23, 1661.76, 1824.88, 2004.01, 2200.73, 2416.75, 2653.98, 2914.49, 3200.58, 3514.74, 3859.75, 4238.62, 4654.69, 5111.59, 5613.34, 6164.35, 6769.44, 7433.92, 8163.64, 8964.98, 9844.98, 10811.4, 11872.6, 13038, 14317.8]
AlphaS_Vals: [0.450742, 0.415061, 0.385034, 0.35937, 0.35533, 0.351388, 0.351385, 0.341679, 0.332529, 0.323888, 0.315713, 0.307967, 0.300614, 0.293625, 0.286973, 0.280633, 0.274583, 0.268802, 0.263274, 0.25798, 0.252906, 0.248038, 0.243364, 0.238872, 0.23455, 0.23039, 0.226382, 0.222517, 0.218789, 0.218788, 0.213875, 0.209185, 0.204705, 0.200419, 0.196315, 0.192381, 0.188608, 0.184984, 0.181502, 0.178152, 0.174928, 0.171822, 0.168828, 0.165939, 0.163151, 0.160457, 0.157854, 0.155336, 0.1529, 0.15054, 0.148255, 0.146039, 0.143891, 0.141807, 0.139783, 0.137818, 0.135909, 0.134054, 0.132249, 0.130494, 0.128786, 0.127123, 0.125503, 0.123926, 0.122388, 0.120889, 0.119426, 0.118, 0.116358, 0.114761, 0.113209, 0.111699, 0.110229, 0.108799, 0.107406, 0.107406, 0.106049, 0.104726, 0.103437, 0.10218, 0.100953, 0.099756, 0.0985876, 0.0974468, 0.0963325, 0.095244, 0.0941801, 0.0931402, 0.0921235, 0.091129, 0.0901562, 0.0892042, 0.0882725, 0.0873604, 0.0864673, 0.0855925, 0.0847355, 0.0838958, 0.0830729, 0.0822661, 0.0814752, 0.0806995, 0.0799387, 0.0791923, 0.07846, 0.0777412, 0.0770357, 0.0763431, 0.075663, 0.0749951, 0.074339, 0.0736945, 0.0730612, 0.0724389, 0.0718272, 0.0712259, 0.0706347, 0.0700534, 0.0694817, 0.0689194, 0.0683663, 0.067822, 0.0672865]
