Parameters:
  Adbar: [ 0.161300, 0.005346 ]
  Agp: [ 0.166087, 0.564009 ]
  Bdbar: [ -0.127300, 0.004340 ]
  Bdv: [ 1.029995, 0.074305 ]
  Bg: [ -0.061953, 0.290765 ]
  Bgp: [ -0.383100, 0.211591 ]
  Buv: [ 0.810476, 0.022351 ]
  Cdbar: [ 9.586246, 1.457315 ]
  Cdv: [ 4.846279, 0.301111 ]
  Cg: [ 5.562367, 1.045850 ]
  Cubar: [ 7.059694, 2.463599 ]
  Cuv: [ 4.823512, 0.066050 ]
  Dubar: [ 1.548098, 3.217089 ]
  Euv: [ 9.921356, 1.038510 ]
