SetDesc: "..."
Authors: "..."
Reference: "..."
Format: lhagrid1
DataVersion: 1
NumMembers: 1
Flavors: [-3, -2, -1, 1, 2, 3, 21, ]
OrderQCD: 1
FlavorScheme: fixed
ErrorType: symmhessian
XMin: 1e-06
XMax: 1
QMin: 1
QMax: 10000
MZ: 91.1876
MUp: 0
MDown: 0
MStrange: 0
MCharm: 1.28
MBottom: 4.5
MTop: 173
AlphaS_MZ: 0.106606
AlphaS_OrderQCD: 1
AlphaS_Type: ipol
AlphaS_Qs: [1, 1.02317, 1.04727, 1.07236, 1.09847, 1.12567, 1.154, 1.18354, 1.21434, 1.24647, 1.28, 1.28, 1.317, 1.35575, 1.39634, 1.43889, 1.48351, 1.53033, 1.57948, 1.63112, 1.68538, 1.74245, 1.80249, 1.86571, 1.93231, 2.00251, 2.07655, 2.15469, 2.23722, 2.32443, 2.41665, 2.51424, 2.61758, 2.72708, 2.84319, 2.96641, 3.09725, 3.23631, 3.3842, 3.5416, 3.70928, 3.88802, 4.07873, 4.28237, 4.5, 4.5, 4.7342, 4.98502, 5.25389, 5.54238, 5.85219, 6.18522, 6.54356, 6.9295, 7.34559, 7.79465, 8.27977, 8.80441, 9.3724, 9.98798, 10.6559, 11.3814, 12.1703, 13.0293, 13.9656, 14.9874, 16.104, 17.3255, 18.6637, 20.1314, 21.7435, 23.5165, 25.469, 27.6223, 30.0004, 32.6304, 35.5434, 38.7747, 42.3643, 46.3582, 50.809, 55.7767, 61.3305, 67.5498, 74.526, 82.3646, 91.1876, 99.5251, 108.766, 119.022, 130.418, 143.1, 157.232, 173, 173, 193.833, 217.605, 244.784, 275.922, 311.669, 352.793, 400.205, 454.986, 518.42, 592.041, 677.678, 777.528, 894.224, 1030.94, 1191.5, 1380.53, 1603.66, 1867.71, 2181, 2553.73, 2998.37, 3530.26, 4168.33, 4935.97, 5862.17, 6983.03, 8343.53, 10000]
AlphaS_Vals: [0.456653, 0.448219, 0.440018, 0.431999, 0.424125, 0.416487, 0.40905, 0.401733, 0.394501, 0.387548, 0.38071, 0.380706, 0.373663, 0.366854, 0.360119, 0.353501, 0.347047, 0.340765, 0.334623, 0.328594, 0.322711, 0.316956, 0.311307, 0.30579, 0.300388, 0.295086, 0.289906, 0.284825, 0.279846, 0.274974, 0.27019, 0.265508, 0.260916, 0.256413, 0.252001, 0.247669, 0.243426, 0.239259, 0.235177, 0.231168, 0.22724, 0.223377, 0.219601, 0.21588, 0.212242, 0.212242, 0.208628, 0.205094, 0.201624, 0.198218, 0.194873, 0.191591, 0.188366, 0.1852, 0.18209, 0.179036, 0.176037, 0.17309, 0.170196, 0.167353, 0.164559, 0.161815, 0.159119, 0.15647, 0.153866, 0.151308, 0.148794, 0.146324, 0.143896, 0.14151, 0.139164, 0.136858, 0.134592, 0.132365, 0.130175, 0.128023, 0.125906, 0.123826, 0.121781, 0.11977, 0.117793, 0.115849, 0.113937, 0.112058, 0.11021, 0.108393, 0.106606, 0.105118, 0.10365, 0.102203, 0.100777, 0.0993701, 0.0979834, 0.0966161, 0.0966161, 0.0950394, 0.0934885, 0.0919631, 0.0904626, 0.0889866, 0.0875346, 0.0861063, 0.0847014, 0.0833192, 0.0819596, 0.0806221, 0.0793063, 0.078012, 0.0767386, 0.0754859, 0.0742535, 0.0730411, 0.0718484, 0.070675, 0.0695205, 0.0683848, 0.0672675, 0.0661682, 0.0650868, 0.0640228, 0.0629761, 0.0619462, 0.060933]
