SetDesc: "..."
Authors: "..."
Reference: "..."
Format: lhagrid1
DataVersion: 1
NumMembers: 1
Flavors: [-6, -5, -4, -3, -2, -1, 1, 2, 3, 4, 5, 6, 21, ]
OrderQCD: 2
FlavorScheme: variable
ErrorType: symmhessian
XMin: 8e-07
XMax: 1
QMin: 1
QMax: 10000
MZ: 91.1876
MUp: 0
MDown: 0
MStrange: 0
MCharm: 1.43
MBottom: 4.5
MTop: 173
AlphaS_MZ: 0.118
AlphaS_OrderQCD: 2
AlphaS_Type: ipol
AlphaS_Qs: [1, 1.02318, 1.04729, 1.07239, 1.09852, 1.12573, 1.15408, 1.18363, 1.21445, 1.2466, 1.28015, 1.31518, 1.35177, 1.39002, 1.43, 1.43, 1.47451, 1.52122, 1.57027, 1.6218, 1.67598, 1.73297, 1.79295, 1.85612, 1.92268, 1.99286, 2.0669, 2.14507, 2.22765, 2.31495, 2.40729, 2.50504, 2.60858, 2.71833, 2.83475, 2.95834, 3.08964, 3.22922, 3.37773, 3.53587, 3.70439, 3.88411, 4.07595, 4.28088, 4.5, 4.5, 4.7342, 4.98502, 5.25389, 5.54238, 5.85219, 6.18522, 6.54356, 6.9295, 7.34559, 7.79465, 8.27977, 8.80441, 9.3724, 9.98798, 10.6559, 11.3814, 12.1703, 13.0293, 13.9656, 14.9874, 16.104, 17.3255, 18.6637, 20.1314, 21.7435, 23.5165, 25.469, 27.6223, 30.0004, 32.6304, 35.5434, 38.7747, 42.3643, 46.3582, 50.809, 55.7767, 61.3305, 67.5498, 74.526, 82.3646, 91.1876, 99.5251, 108.766, 119.022, 130.418, 143.1, 157.232, 173, 173, 193.833, 217.605, 244.784, 275.922, 311.669, 352.793, 400.205, 454.986, 518.42, 592.041, 677.678, 777.528, 894.224, 1030.94, 1191.5, 1380.53, 1603.66, 1867.71, 2181, 2553.73, 2998.37, 3530.26, 4168.33, 4935.97, 5862.17, 6983.03, 8343.53, 10000]
AlphaS_Vals: [0.466813, 0.457297, 0.448074, 0.43913, 0.430451, 0.422025, 0.413838, 0.405881, 0.398143, 0.390614, 0.383285, 0.376147, 0.369194, 0.362416, 0.355809, 0.357152, 0.350977, 0.344928, 0.339004, 0.3332, 0.327513, 0.321941, 0.316479, 0.311124, 0.305874, 0.300726, 0.295677, 0.290724, 0.285865, 0.281097, 0.276419, 0.271827, 0.267321, 0.262897, 0.258554, 0.254289, 0.250102, 0.245989, 0.24195, 0.237983, 0.234086, 0.230257, 0.226496, 0.2228, 0.219168, 0.21948, 0.216264, 0.213091, 0.209961, 0.206872, 0.203826, 0.20082, 0.197855, 0.19493, 0.192044, 0.189198, 0.186391, 0.183621, 0.18089, 0.178195, 0.175538, 0.172917, 0.170332, 0.167782, 0.165267, 0.162787, 0.160342, 0.15793, 0.155551, 0.153205, 0.150892, 0.148612, 0.146362, 0.144145, 0.141958, 0.139802, 0.137676, 0.13558, 0.133514, 0.131476, 0.129468, 0.127487, 0.125535, 0.123611, 0.121714, 0.119843, 0.118, 0.116461, 0.11494, 0.113438, 0.111955, 0.110489, 0.109041, 0.107611, 0.107611, 0.105958, 0.104329, 0.102724, 0.101141, 0.0995817, 0.0980445, 0.0965294, 0.0950362, 0.0935646, 0.0921143, 0.0906851, 0.0892766, 0.0878886, 0.0865209, 0.0851731, 0.083845, 0.0825364, 0.081247, 0.0799765, 0.0787247, 0.0774913, 0.0762762, 0.075079, 0.0738995, 0.0727374, 0.0715926, 0.0704649, 0.0693539]
