
COVARIANCE MATRIX 
                       Adbar           Agp         Bdbar           Bdv            Bg           Bgp           Buv         Cdbar           Cdv            Cg         Cubar           Cuv         Dubar         Eubar           Euv
         Adbar     0.0009641     -0.002643      0.000145     0.0006825     0.0008216     0.0004607      0.005548       0.05632      0.001822       0.01343      -0.08563     0.0006431      -0.01605      0.007485       0.01059
           Agp     -0.002643        0.2095     -0.001491       0.01064       -0.0347     -0.002525      -0.02602        0.1734       0.04086        -1.039          1.21      0.001571        0.1868       -0.1872      -0.05198
         Bdbar      0.000145     -0.001491     0.0001303     -5.91e-05     0.0001442    -4.985e-05      0.003487      0.004104    -0.0005252      0.004373      -0.05674     0.0004006     -0.009658       0.01031      0.006618
           Bdv     0.0006825       0.01064     -5.91e-05      0.006791     -0.000603      0.000927      0.007088        0.1097        0.0268       -0.0407       0.05944      0.001621      0.006258       -0.0154       0.01288
            Bg     0.0008216       -0.0347     0.0001442     -0.000603      0.007577      0.002177      0.007012       0.01061     -0.002539        0.1923       -0.1853     0.0004276      -0.02973       0.02385       0.01358
           Bgp     0.0004607     -0.002525    -4.985e-05      0.000927      0.002177       0.00175      0.004652       0.03724      0.003266        0.0311      -0.01795     0.0008627     -0.004126     -0.001695      0.008713
           Buv      0.005548      -0.02602      0.003487      0.007088      0.007012      0.004652        0.2282        0.1832       0.01932        0.1157        -1.664       0.03654       -0.2958        0.2973        0.4282
         Cdbar       0.05632        0.1734      0.004104        0.1097       0.01061       0.03724        0.1832         5.042        0.3636       -0.6668        -2.634        0.0233       -0.5413       -0.0432        0.3469
           Cdv      0.001822       0.04086    -0.0005252        0.0268     -0.002539      0.003266       0.01932        0.3636         0.116       -0.1536        0.3684      0.004766       0.04837      -0.07946       0.03426
            Cg       0.01343        -1.039      0.004373       -0.0407        0.1923        0.0311        0.1157       -0.6668       -0.1536         5.438         -4.87     -0.003696       -0.7474        0.6947        0.2296
         Cubar      -0.08563          1.21      -0.05674       0.05944       -0.1853      -0.01795        -1.664        -2.634        0.3684         -4.87         29.35       -0.1571         4.893        -4.947        -3.182
           Cuv     0.0006431      0.001571     0.0004006      0.001621     0.0004276     0.0008627       0.03654        0.0233      0.004766     -0.003696       -0.1571       0.00775      -0.03116       0.03134        0.0677
         Dubar      -0.01605        0.1868     -0.009658      0.006258      -0.02973     -0.004126       -0.2958       -0.5413       0.04837       -0.7474         4.893      -0.03116        0.8278       -0.8193       -0.5639
         Eubar      0.007485       -0.1872       0.01031       -0.0154       0.02385     -0.001695        0.2973       -0.0432      -0.07946        0.6947        -4.947       0.03134       -0.8193         0.922        0.5663
           Euv       0.01059      -0.05198      0.006618       0.01288       0.01358      0.008713        0.4282        0.3469       0.03426        0.2296        -3.182        0.0677       -0.5639        0.5663        0.8041

CORRELATION MATRIX 
                       Adbar           Agp         Bdbar           Bdv            Bg           Bgp           Buv         Cdbar           Cdv            Cg         Cubar           Cuv         Dubar         Eubar           Euv
         Adbar             1        -0.186        0.4091        0.2667         0.304        0.3547        0.3741        0.8078        0.1723        0.1855        -0.509        0.2353       -0.5682        0.2511        0.3803
           Agp        -0.186             1       -0.2854         0.282        -0.871       -0.1318        -0.119        0.1687        0.2621       -0.9735         0.488         0.039        0.4485       -0.4259       -0.1266
         Bdbar        0.4091       -0.2854             1      -0.06284        0.1451       -0.1044        0.6395        0.1602       -0.1351        0.1643       -0.9176        0.3987       -0.9301        0.9406        0.6467
           Bdv        0.2667         0.282      -0.06284             1      -0.08407        0.2689          0.18        0.5926        0.9549       -0.2118        0.1331        0.2234       0.08346       -0.1946        0.1743
            Bg         0.304        -0.871        0.1451      -0.08407             1        0.5979        0.1686        0.0543      -0.08563        0.9475       -0.3929        0.0558       -0.3754        0.2853         0.174
           Bgp        0.3547       -0.1318       -0.1044        0.2689        0.5979             1        0.2328        0.3965        0.2292        0.3188       -0.0792        0.2343       -0.1084      -0.04219        0.2323
           Buv        0.3741        -0.119        0.6395          0.18        0.1686        0.2328             1        0.1708        0.1187        0.1038       -0.6429        0.8689       -0.6805        0.6482        0.9997
         Cdbar        0.8078        0.1687        0.1602        0.5926        0.0543        0.3965        0.1708             1        0.4754       -0.1274       -0.2165        0.1179       -0.2649      -0.02004        0.1723
           Cdv        0.1723        0.2621       -0.1351        0.9549      -0.08563        0.2292        0.1187        0.4754             1       -0.1934        0.1997        0.1589        0.1561        -0.243        0.1122
            Cg        0.1855       -0.9735        0.1643       -0.2118        0.9475        0.3188        0.1038       -0.1274       -0.1934             1       -0.3855        -0.018       -0.3523        0.3102        0.1098
         Cubar        -0.509         0.488       -0.9176        0.1331       -0.3929       -0.0792       -0.6429       -0.2165        0.1997       -0.3855             1       -0.3293        0.9926        -0.951        -0.655
           Cuv        0.2353         0.039        0.3987        0.2234        0.0558        0.2343        0.8689        0.1179        0.1589        -0.018       -0.3293             1        -0.389        0.3707        0.8576
         Dubar       -0.5682        0.4485       -0.9301       0.08346       -0.3754       -0.1084       -0.6805       -0.2649        0.1561       -0.3523        0.9926        -0.389             1       -0.9378       -0.6912
         Eubar        0.2511       -0.4259        0.9406       -0.1946        0.2853      -0.04219        0.6482      -0.02004        -0.243        0.3102        -0.951        0.3707       -0.9378             1        0.6577
           Euv        0.3803       -0.1266        0.6467        0.1743         0.174        0.2323        0.9997        0.1723        0.1122        0.1098        -0.655        0.8576       -0.6912        0.6577             1
GLOBAL CORRELATION COEFFICIENT
    0          Adbar         0.9995
    1            Agp         0.9998
    2          Bdbar          0.998
    3            Bdv         0.9938
    4             Bg              1
    5            Bgp         0.9998
    6            Buv              1
    7          Cdbar         0.9967
    8            Cdv         0.9882
    9             Cg         0.9998
   10          Cubar         0.9998
   11            Cuv          0.991
   12          Dubar         0.9999
   13          Eubar         0.9999
   14            Euv              1
