Parameters:
  Adbar: [ 0.151394, 0.031049 ]
  Agp: [ 1.991035, 0.457710 ]
  Bdbar: [ -0.112162, 0.011413 ]
  Bdv: [ 1.164717, 0.082409 ]
  Bg: [ 0.608373, 0.087046 ]
  Bgp: [ 0.804728, 0.041833 ]
  Buv: [ 0.684537, 0.477701 ]
  Cdbar: [ 8.183636, 2.245384 ]
  Cdv: [ 5.216504, 0.340596 ]
  Cg: [ 18.395663, 2.331951 ]
  Cubar: [ 5.065202, 5.417783 ]
  Cuv: [ 3.570130, 0.088034 ]
  Dubar: [ -0.411222, 0.909841 ]
  Eubar: [ 0.769095, 0.960218 ]
  Euv: [ -0.671946, 0.896693 ]
