          50
     2677071
 NA10-194-0                                                                      
Plot1@Experiment:#sqrt{#tau}#in(0.21:0.24) NA10-194@XTitle: x_{F} @YTitle:#frac{d#sigma}{dx_{F}d#sqrt{#tau}}
 xf_low      xf_high     dummy          data      +- uncor     +- tot     th orig         th mod   therr+         therr-     pull    iset       iplot
 -.10000E+00 0.00000E+00 0.00000E+00 0.37200E+01 0.13148E+00 0.27136E+00 0.38052E+01 0.38775E+01 0.00000E+00 0.00000E+00 -.11981E+01      2677071   1/0.00000E+00
 0.00000E+00 0.10000E+00 0.00000E+00 0.43600E+01 0.11801E+00 0.30387E+00 0.42163E+01 0.42965E+01 0.00000E+00 0.00000E+00 0.53836E+00      2677071   1/0.00000E+00
 0.10000E+00 0.20000E+00 0.00000E+00 0.44500E+01 0.11623E+00 0.30918E+00 0.41747E+01 0.42540E+01 0.00000E+00 0.00000E+00 0.16861E+01      2677071   1/0.00000E+00
 0.20000E+00 0.30000E+00 0.00000E+00 0.40200E+01 0.10702E+00 0.27992E+00 0.38050E+01 0.38773E+01 0.00000E+00 0.00000E+00 0.13333E+01      2677071   1/0.00000E+00
 0.30000E+00 0.40000E+00 0.00000E+00 0.33900E+01 0.98170E-01 0.23899E+00 0.32671E+01 0.33292E+01 0.00000E+00 0.00000E+00 0.61961E+00      2677071   1/0.00000E+00
 0.40000E+00 0.50000E+00 0.00000E+00 0.28500E+01 0.10642E+00 0.21308E+00 0.26677E+01 0.27184E+01 0.00000E+00 0.00000E+00 0.12362E+01      2677071   1/0.00000E+00
     7291600
 NA10-194-1                                                                      
Plot1@Experiment:#sqrt{#tau}#in(0.24:0.27) NA10-194@XTitle: x_{F} @YTitle:#frac{d#sigma}{dx_{F}d#sqrt{#tau}}
 xf_low      xf_high     dummy          data      +- uncor     +- tot     th orig         th mod   therr+         therr-     pull    iset       iplot
 -.10000E+00 0.00000E+00 0.00000E+00 0.18600E+01 0.72583E-01 0.13815E+00 0.19998E+01 0.20378E+01 0.00000E+00 0.00000E+00 -.24494E+01      7291600   1/0.00000E+00
 0.00000E+00 0.10000E+00 0.00000E+00 0.23300E+01 0.69003E-01 0.16480E+00 0.22641E+01 0.23071E+01 0.00000E+00 0.00000E+00 0.33128E+00      7291600   1/0.00000E+00
 0.10000E+00 0.20000E+00 0.00000E+00 0.23300E+01 0.59845E-01 0.16081E+00 0.23180E+01 0.23620E+01 0.00000E+00 0.00000E+00 -.53485E+00      7291600   1/0.00000E+00
 0.20000E+00 0.30000E+00 0.00000E+00 0.22100E+01 0.59687E-01 0.15370E+00 0.21870E+01 0.22286E+01 0.00000E+00 0.00000E+00 -.31137E+00      7291600   1/0.00000E+00
 0.30000E+00 0.40000E+00 0.00000E+00 0.19600E+01 0.59595E-01 0.13911E+00 0.19336E+01 0.19704E+01 0.00000E+00 0.00000E+00 -.17397E+00      7291600   1/0.00000E+00
 0.40000E+00 0.50000E+00 0.00000E+00 0.16500E+01 0.59241E-01 0.12150E+00 0.16085E+01 0.16391E+01 0.00000E+00 0.00000E+00 0.18463E+00      7291600   1/0.00000E+00
     1906129
 NA10-194-2                                                                      
Plot1@Experiment:#sqrt{#tau}#in(0.27:0.3) NA10-194@XTitle: x_{F} @YTitle:#frac{d#sigma}{dx_{F}d#sqrt{#tau}}
 xf_low      xf_high     dummy          data      +- uncor     +- tot     th orig         th mod   therr+         therr-     pull    iset       iplot
 -.10000E+00 0.00000E+00 0.00000E+00 0.10100E+01 0.41675E-01 0.76042E-01 0.10964E+01 0.11172E+01 0.00000E+00 0.00000E+00 -.25725E+01      1906129   1/0.00000E+00
 0.00000E+00 0.10000E+00 0.00000E+00 0.12700E+01 0.39948E-01 0.90625E-01 0.12667E+01 0.12907E+01 0.00000E+00 0.00000E+00 -.51939E+00      1906129   1/0.00000E+00
 0.10000E+00 0.20000E+00 0.00000E+00 0.13500E+01 0.39746E-01 0.95248E-01 0.13329E+01 0.13582E+01 0.00000E+00 0.00000E+00 -.20654E+00      1906129   1/0.00000E+00
 0.20000E+00 0.30000E+00 0.00000E+00 0.13000E+01 0.39918E-01 0.92353E-01 0.12946E+01 0.13193E+01 0.00000E+00 0.00000E+00 -.48227E+00      1906129   1/0.00000E+00
 0.30000E+00 0.40000E+00 0.00000E+00 0.12100E+01 0.39347E-01 0.87194E-01 0.11708E+01 0.11930E+01 0.00000E+00 0.00000E+00 0.43084E+00      1906129   1/0.00000E+00
 0.40000E+00 0.50000E+00 0.00000E+00 0.10400E+01 0.39024E-01 0.77682E-01 0.98985E+00 0.10087E+01 0.00000E+00 0.00000E+00 0.80315E+00      1906129   1/0.00000E+00
 0.50000E+00 0.60000E+00 0.00000E+00 0.75400E+00 0.42566E-01 0.63992E-01 0.77447E+00 0.78919E+00 0.00000E+00 0.00000E+00 -.82666E+00      1906129   1/0.00000E+00
     6520658
 NA10-194-3                                                                      
Plot1@Experiment:#sqrt{#tau}#in(0.3:0.33) NA10-194@XTitle: x_{F} @YTitle:#frac{d#sigma}{dx_{F}d#sqrt{#tau}}
 xf_low      xf_high     dummy          data      +- uncor     +- tot     th orig         th mod   therr+         therr-     pull    iset       iplot
 -.10000E+00 0.00000E+00 0.00000E+00 0.60100E+00 0.30457E-01 0.48795E-01 0.61945E+00 0.63123E+00 0.00000E+00 0.00000E+00 -.99240E+00      6520658   1/0.00000E+00
 0.00000E+00 0.10000E+00 0.00000E+00 0.74600E+00 0.26723E-01 0.54870E-01 0.73079E+00 0.74468E+00 0.00000E+00 0.00000E+00 0.49291E-01      6520658   1/0.00000E+00
 0.10000E+00 0.20000E+00 0.00000E+00 0.79500E+00 0.25867E-01 0.57160E-01 0.78687E+00 0.80183E+00 0.00000E+00 0.00000E+00 -.26389E+00      6520658   1/0.00000E+00
 0.20000E+00 0.30000E+00 0.00000E+00 0.79900E+00 0.25702E-01 0.57389E-01 0.78078E+00 0.79562E+00 0.00000E+00 0.00000E+00 0.13168E+00      6520658   1/0.00000E+00
 0.30000E+00 0.40000E+00 0.00000E+00 0.69400E+00 0.24451E-01 0.50505E-01 0.72031E+00 0.73400E+00 0.00000E+00 0.00000E+00 -.16359E+01      6520658   1/0.00000E+00
 0.40000E+00 0.50000E+00 0.00000E+00 0.61200E+00 0.24071E-01 0.45952E-01 0.61562E+00 0.62732E+00 0.00000E+00 0.00000E+00 -.63634E+00      6520658   1/0.00000E+00
 0.50000E+00 0.60000E+00 0.00000E+00 0.46900E+00 0.24358E-01 0.38443E-01 0.48311E+00 0.49230E+00 0.00000E+00 0.00000E+00 -.95635E+00      6520658   1/0.00000E+00
     1135187
 NA10-194-4                                                                      
Plot1@Experiment:#sqrt{#tau}#in(0.33:0.36) NA10-194@XTitle: x_{F} @YTitle:#frac{d#sigma}{dx_{F}d#sqrt{#tau}}
 xf_low      xf_high     dummy          data      +- uncor     +- tot     th orig         th mod   therr+         therr-     pull    iset       iplot
 -.10000E+00 0.00000E+00 0.00000E+00 0.35600E+00 0.21052E-01 0.30994E-01 0.35777E+00 0.36457E+00 0.00000E+00 0.00000E+00 -.40709E+00      1135187   1/0.00000E+00
 0.00000E+00 0.10000E+00 0.00000E+00 0.43400E+00 0.17927E-01 0.33110E-01 0.43047E+00 0.43865E+00 0.00000E+00 0.00000E+00 -.25925E+00      1135187   1/0.00000E+00
 0.10000E+00 0.20000E+00 0.00000E+00 0.47500E+00 0.17954E-01 0.35342E-01 0.47256E+00 0.48154E+00 0.00000E+00 0.00000E+00 -.36438E+00      1135187   1/0.00000E+00
 0.20000E+00 0.30000E+00 0.00000E+00 0.47700E+00 0.18025E-01 0.35452E-01 0.47831E+00 0.48740E+00 0.00000E+00 0.00000E+00 -.57692E+00      1135187   1/0.00000E+00
 0.30000E+00 0.40000E+00 0.00000E+00 0.46400E+00 0.17685E-01 0.34738E-01 0.44789E+00 0.45641E+00 0.00000E+00 0.00000E+00 0.42945E+00      1135187   1/0.00000E+00
 0.40000E+00 0.50000E+00 0.00000E+00 0.40600E+00 0.16572E-01 0.31062E-01 0.38579E+00 0.39313E+00 0.00000E+00 0.00000E+00 0.77689E+00      1135187   1/0.00000E+00
 0.50000E+00 0.60000E+00 0.00000E+00 0.29400E+00 0.16267E-01 0.24706E-01 0.30390E+00 0.30968E+00 0.00000E+00 0.00000E+00 -.96392E+00      1135187   1/0.00000E+00
 0.60000E+00 0.70000E+00 0.00000E+00 0.20100E+00 0.18300E-01 0.22128E-01 0.20775E+00 0.21170E+00 0.00000E+00 0.00000E+00 -.58455E+00      1135187   1/0.00000E+00
     5749716
 NA10-194-5                                                                      
Plot1@Experiment:#sqrt{#tau}#in(0.36:0.39) NA10-194@XTitle: x_{F} @YTitle:#frac{d#sigma}{dx_{F}d#sqrt{#tau}}
 xf_low      xf_high     dummy          data      +- uncor     +- tot     th orig         th mod   therr+         therr-     pull    iset       iplot
 -.10000E+00 0.00000E+00 0.00000E+00 0.19400E+00 0.14571E-01 0.18717E-01 0.21014E+00 0.21413E+00 0.00000E+00 0.00000E+00 -.13815E+01      5749716   1/0.00000E+00
 0.00000E+00 0.10000E+00 0.00000E+00 0.25500E+00 0.13059E-01 0.20871E-01 0.25731E+00 0.26220E+00 0.00000E+00 0.00000E+00 -.55158E+00      5749716   1/0.00000E+00
 0.10000E+00 0.20000E+00 0.00000E+00 0.30000E+00 0.12742E-01 0.23195E-01 0.28820E+00 0.29368E+00 0.00000E+00 0.00000E+00 0.49597E+00      5749716   1/0.00000E+00
 0.20000E+00 0.30000E+00 0.00000E+00 0.29600E+00 0.12986E-01 0.22983E-01 0.29538E+00 0.30099E+00 0.00000E+00 0.00000E+00 -.38456E+00      5749716   1/0.00000E+00
 0.30000E+00 0.40000E+00 0.00000E+00 0.30700E+00 0.12407E-01 0.23567E-01 0.27963E+00 0.28495E+00 0.00000E+00 0.00000E+00 0.17776E+01      5749716   1/0.00000E+00
 0.40000E+00 0.50000E+00 0.00000E+00 0.24000E+00 0.12076E-01 0.19498E-01 0.24307E+00 0.24769E+00 0.00000E+00 0.00000E+00 -.63668E+00      5749716   1/0.00000E+00
 0.50000E+00 0.60000E+00 0.00000E+00 0.19200E+00 0.10920E-01 0.16497E-01 0.18923E+00 0.19283E+00 0.00000E+00 0.00000E+00 -.75769E-01      5749716   1/0.00000E+00
 0.60000E+00 0.70000E+00 0.00000E+00 0.12600E+00 0.11040E-01 0.13642E-01 0.12692E+00 0.12933E+00 0.00000E+00 0.00000E+00 -.30159E+00      5749716   1/0.00000E+00
      364245
 NA10-194-6                                                                      
Plot1@Experiment:#sqrt{#tau}#in(0.39:0.42) NA10-194@XTitle: x_{F} @YTitle:#frac{d#sigma}{dx_{F}d#sqrt{#tau}}
 xf_low      xf_high     dummy          data      +- uncor     +- tot     th orig         th mod   therr+         therr-     pull    iset       iplot
 -.10000E+00 0.00000E+00 0.00000E+00 0.11800E+00 0.10270E-01 0.12533E-01 0.12446E+00 0.12682E+00 0.00000E+00 0.00000E+00 -.85887E+00       364245   1/0.00000E+00
 0.00000E+00 0.10000E+00 0.00000E+00 0.15000E+00 0.91690E-02 0.13162E-01 0.15569E+00 0.15865E+00 0.00000E+00 0.00000E+00 -.94289E+00       364245   1/0.00000E+00
 0.10000E+00 0.20000E+00 0.00000E+00 0.19400E+00 0.95356E-02 0.15947E-01 0.17640E+00 0.17975E+00 0.00000E+00 0.00000E+00 0.14940E+01       364245   1/0.00000E+00
 0.20000E+00 0.30000E+00 0.00000E+00 0.19000E+00 0.88397E-02 0.15133E-01 0.18329E+00 0.18678E+00 0.00000E+00 0.00000E+00 0.36473E+00       364245   1/0.00000E+00
 0.30000E+00 0.40000E+00 0.00000E+00 0.19900E+00 0.93981E-02 0.16198E-01 0.17577E+00 0.17911E+00 0.00000E+00 0.00000E+00 0.21167E+01       364245   1/0.00000E+00
 0.40000E+00 0.50000E+00 0.00000E+00 0.17900E+00 0.92246E-02 0.15211E-01 0.15232E+00 0.15521E+00 0.00000E+00 0.00000E+00 0.25790E+01       364245   1/0.00000E+00
 0.50000E+00 0.60000E+00 0.00000E+00 0.11600E+00 0.80676E-02 0.10916E-01 0.11797E+00 0.12021E+00 0.00000E+00 0.00000E+00 -.52178E+00       364245   1/0.00000E+00
 0.60000E+00 0.70000E+00 0.00000E+00 0.96000E-01 0.79882E-02 0.10899E-01 0.75629E-01 0.77066E-01 0.00000E+00 0.00000E+00 0.23702E+01       364245   1/0.00000E+00
 0.70000E+00 0.80000E+00 0.00000E+00 0.30000E-01 0.62221E-02 0.63000E-02 0.32262E-01 0.32875E-01 0.00000E+00 0.00000E+00 -.46204E+00       364245   1/0.00000E+00
     4978774
 NA10-194-7                                                                      
Plot1@Experiment:#sqrt{#tau}#in(0.54:0.63) NA10-194@XTitle: x_{F} @YTitle:#frac{d#sigma}{dx_{F}d#sqrt{#tau}}
 xf_low      xf_high     dummy          data      +- uncor     +- tot     th orig         th mod   therr+         therr-     pull    iset       iplot
 -.10000E+00 0.00000E+00 0.00000E+00 0.50000E-02 0.13848E-02 0.13388E-02 0.56735E-02 0.57813E-02 0.00000E+00 0.00000E+00 -.56423E+00      4978774   1/0.00000E+00
 0.00000E+00 0.10000E+00 0.00000E+00 0.74000E-02 0.13368E-02 0.13837E-02 0.78249E-02 0.79736E-02 0.00000E+00 0.00000E+00 -.42909E+00      4978774   1/0.00000E+00
 0.10000E+00 0.20000E+00 0.00000E+00 0.10000E-01 0.13729E-02 0.15395E-02 0.96165E-02 0.97993E-02 0.00000E+00 0.00000E+00 0.14620E+00      4978774   1/0.00000E+00
 0.20000E+00 0.30000E+00 0.00000E+00 0.14100E-01 0.13726E-02 0.18372E-02 0.10376E-01 0.10573E-01 0.00000E+00 0.00000E+00 0.25693E+01      4978774   1/0.00000E+00
 0.30000E+00 0.40000E+00 0.00000E+00 0.13700E-01 0.13591E-02 0.18247E-02 0.98846E-02 0.10072E-01 0.00000E+00 0.00000E+00 0.26692E+01      4978774   1/0.00000E+00
 0.40000E+00 0.50000E+00 0.00000E+00 0.12000E-01 0.12011E-02 0.16853E-02 0.76938E-02 0.78401E-02 0.00000E+00 0.00000E+00 0.34635E+01      4978774   1/0.00000E+00
 0.50000E+00 0.60000E+00 0.00000E+00 0.62000E-02 0.92451E-03 0.11694E-02 0.43796E-02 0.44628E-02 0.00000E+00 0.00000E+00 0.18790E+01      4978774   1/0.00000E+00
 0.60000E+00 0.70000E+00 0.00000E+00 0.24000E-02 0.47265E-03 0.81463E-03 0.83773E-03 0.85365E-03 0.00000E+00 0.00000E+00 0.32717E+01      4978774   1/0.00000E+00
     9593303
 NA10-194-8                                                                      
Plot1@Experiment:#sqrt{#tau}#in(0.63:0.72) NA10-194@XTitle: x_{F} @YTitle:#frac{d#sigma}{dx_{F}d#sqrt{#tau}}
 xf_low      xf_high     dummy          data      +- uncor     +- tot     th orig         th mod   therr+         therr-     pull    iset       iplot
 -.20000E+00 -.10000E+00 0.00000E+00 0.50000E-03 0.40526E-03 0.40128E-03 0.51324E-03 0.52299E-03 0.00000E+00 0.00000E+00 -.56740E-01      9593303   1/0.00000E+00
 -.10000E+00 0.00000E+00 0.00000E+00 0.70000E-03 0.34690E-03 0.30333E-03 0.93595E-03 0.95374E-03 0.00000E+00 0.00000E+00 -.73146E+00      9593303   1/0.00000E+00
 0.00000E+00 0.10000E+00 0.00000E+00 0.13000E-02 0.41539E-03 0.40857E-03 0.14020E-02 0.14286E-02 0.00000E+00 0.00000E+00 -.30962E+00      9593303   1/0.00000E+00
 0.10000E+00 0.20000E+00 0.00000E+00 0.17000E-02 0.41059E-03 0.41455E-03 0.17912E-02 0.18253E-02 0.00000E+00 0.00000E+00 -.30508E+00      9593303   1/0.00000E+00
 0.20000E+00 0.30000E+00 0.00000E+00 0.32000E-02 0.53845E-03 0.72937E-03 0.18934E-02 0.19294E-02 0.00000E+00 0.00000E+00 0.23597E+01      9593303   1/0.00000E+00
 0.30000E+00 0.40000E+00 0.00000E+00 0.26000E-02 0.55561E-03 0.71952E-03 0.16380E-02 0.16692E-02 0.00000E+00 0.00000E+00 0.16753E+01      9593303   1/0.00000E+00
 0.40000E+00 0.50000E+00 0.00000E+00 0.90000E-03 0.30933E-03 0.30548E-03 0.95686E-03 0.97504E-03 0.00000E+00 0.00000E+00 -.24260E+00      9593303   1/0.00000E+00
 0.50000E+00 0.60000E+00 0.00000E+00 0.30000E-03 0.15046E-03 0.20092E-03 0.16979E-03 0.17302E-03 0.00000E+00 0.00000E+00 0.84395E+00      9593303   1/0.00000E+00
     1922014
 WA70-0                                                                          
Plot1@Experiment:WA70 P_{T}#in (4.0,4.25) @XTitle: x_{F} @YTitle:E#frac{d^{3}#sigma}{d^{3}p}
 xf_low      xf_high     dummy          data      +- uncor     +- tot     th orig         th mod   therr+         therr-     pull    iset       iplot
 -.45000E+00 -.35000E+00 0.00000E+00 0.10700E+02 0.15209E+02 0.13248E+02 0.15111E+02 0.19172E+02 0.48355E+01 0.48355E+01 -.55703E+00      1922014   1/0.00000E+00
 -.35000E+00 -.25000E+00 0.00000E+00 0.47100E+02 0.12349E+02 0.21652E+02 0.29728E+02 0.47603E+02 0.95129E+01 0.95129E+01 -.40720E-01      1922014   1/0.00000E+00
 -.25000E+00 -.15000E+00 0.00000E+00 0.75700E+02 0.13837E+02 0.29911E+02 0.47085E+02 0.75814E+02 0.15067E+02 0.15067E+02 -.82715E-02      1922014   1/0.00000E+00
 -.15000E+00 -.50000E-01 0.00000E+00 0.10610E+03 0.17424E+02 0.40668E+02 0.64273E+02 0.10454E+03 0.20567E+02 0.20567E+02 0.89575E-01      1922014   1/0.00000E+00
 -.50000E-01 0.50000E-01 0.00000E+00 0.10310E+03 0.18364E+02 0.39371E+02 0.75328E+02 0.11446E+03 0.24105E+02 0.24105E+02 -.61837E+00      1922014   1/0.00000E+00
 0.50000E-01 0.15000E+00 0.00000E+00 0.11750E+03 0.19871E+02 0.44644E+02 0.80094E+02 0.12469E+03 0.25630E+02 0.25630E+02 -.36169E+00      1922014   1/0.00000E+00
 0.15000E+00 0.25000E+00 0.00000E+00 0.89700E+02 0.19860E+02 0.35736E+02 0.78067E+02 0.11211E+03 0.24982E+02 0.24982E+02 -.11284E+01      1922014   1/0.00000E+00
 0.25000E+00 0.35000E+00 0.00000E+00 0.84100E+02 0.17330E+02 0.33139E+02 0.67541E+02 0.99458E+02 0.21613E+02 0.21613E+02 -.88624E+00      1922014   1/0.00000E+00
 0.35000E+00 0.45000E+00 0.00000E+00 0.53700E+02 0.19324E+02 0.26019E+02 0.52530E+02 0.72910E+02 0.16810E+02 0.16810E+02 -.99412E+00      1922014   1/0.00000E+00
 0.45000E+00 0.55000E+00 0.00000E+00 0.67300E+02 0.21937E+02 0.37538E+02 0.34259E+02 0.59801E+02 0.10963E+02 0.10963E+02 0.34186E+00      1922014   1/0.00000E+00
     6536543
 WA70-1                                                                          
Plot1@Experiment:WA70 P_{T}#in (4.25,4.5) @XTitle: x_{F} @YTitle:E#frac{d^{3}#sigma}{d^{3}p}
 xf_low      xf_high     dummy          data      +- uncor     +- tot     th orig         th mod   therr+         therr-     pull    iset       iplot
 -.45000E+00 -.35000E+00 0.00000E+00 0.27900E+02 0.71196E+01 0.15253E+02 0.92457E+01 0.19834E+02 0.29586E+01 0.29586E+01 0.11329E+01      6536543   1/0.00000E+00
 -.35000E+00 -.25000E+00 0.00000E+00 0.35000E+02 0.61681E+01 0.14188E+02 0.17556E+02 0.30839E+02 0.56178E+01 0.56178E+01 0.67467E+00      6536543   1/0.00000E+00
 -.25000E+00 -.15000E+00 0.00000E+00 0.45300E+02 0.77634E+01 0.17437E+02 0.29071E+02 0.46263E+02 0.93028E+01 0.93028E+01 -.12408E+00      6536543   1/0.00000E+00
 -.15000E+00 -.50000E-01 0.00000E+00 0.73500E+02 0.10112E+02 0.27233E+02 0.39884E+02 0.67779E+02 0.12763E+02 0.12763E+02 0.56577E+00      6536543   1/0.00000E+00
 -.50000E-01 0.50000E-01 0.00000E+00 0.71000E+02 0.11308E+02 0.26592E+02 0.47560E+02 0.74505E+02 0.15219E+02 0.15219E+02 -.30997E+00      6536543   1/0.00000E+00
 0.50000E-01 0.15000E+00 0.00000E+00 0.83500E+02 0.12426E+02 0.31067E+02 0.51319E+02 0.83008E+02 0.16422E+02 0.16422E+02 0.39592E-01      6536543   1/0.00000E+00
 0.15000E+00 0.25000E+00 0.00000E+00 0.64200E+02 0.11009E+02 0.24136E+02 0.48477E+02 0.72842E+02 0.15513E+02 0.15513E+02 -.78504E+00      6536543   1/0.00000E+00
 0.25000E+00 0.35000E+00 0.00000E+00 0.52800E+02 0.10119E+02 0.20284E+02 0.42919E+02 0.62957E+02 0.13734E+02 0.13734E+02 -.10038E+01      6536543   1/0.00000E+00
 0.35000E+00 0.45000E+00 0.00000E+00 0.29200E+02 0.10834E+02 0.13840E+02 0.32883E+02 0.43965E+02 0.10523E+02 0.10523E+02 -.13628E+01      6536543   1/0.00000E+00
 0.45000E+00 0.55000E+00 0.00000E+00 0.39100E+02 0.15978E+02 0.24920E+02 0.21492E+02 0.36331E+02 0.68775E+01 0.68775E+01 0.17329E+00      6536543   1/0.00000E+00
     1151072
 WA70-2                                                                          
Plot1@Experiment:WA70 P_{T}#in (4.5,4.75) @XTitle: x_{F} @YTitle:E#frac{d^{3}#sigma}{d^{3}p}
 xf_low      xf_high     dummy          data      +- uncor     +- tot     th orig         th mod   therr+         therr-     pull    iset       iplot
 -.45000E+00 -.35000E+00 0.00000E+00 0.80000E+01 0.35863E+01 0.50056E+01 0.55611E+01 0.85972E+01 0.17795E+01 0.17795E+01 -.16652E+00      1151072   1/0.00000E+00
 -.35000E+00 -.25000E+00 0.00000E+00 0.19900E+02 0.44171E+01 0.87231E+01 0.10924E+02 0.18476E+02 0.34957E+01 0.34957E+01 0.32229E+00      1151072   1/0.00000E+00
 -.25000E+00 -.15000E+00 0.00000E+00 0.33900E+02 0.48550E+01 0.12729E+02 0.18013E+02 0.30879E+02 0.57642E+01 0.57642E+01 0.62232E+00      1151072   1/0.00000E+00
 -.15000E+00 -.50000E-01 0.00000E+00 0.48800E+02 0.60452E+01 0.17738E+02 0.25202E+02 0.43722E+02 0.80646E+01 0.80646E+01 0.83998E+00      1151072   1/0.00000E+00
 -.50000E-01 0.50000E-01 0.00000E+00 0.45700E+02 0.65984E+01 0.16740E+02 0.29977E+02 0.47321E+02 0.95926E+01 0.95926E+01 -.24564E+00      1151072   1/0.00000E+00
 0.50000E-01 0.15000E+00 0.00000E+00 0.48400E+02 0.72624E+01 0.17884E+02 0.31919E+02 0.50288E+02 0.10214E+02 0.10214E+02 -.25995E+00      1151072   1/0.00000E+00
 0.15000E+00 0.25000E+00 0.00000E+00 0.44700E+02 0.72188E+01 0.16715E+02 0.31141E+02 0.48105E+02 0.99651E+01 0.99651E+01 -.47174E+00      1151072   1/0.00000E+00
 0.25000E+00 0.35000E+00 0.00000E+00 0.30700E+02 0.65592E+01 0.12088E+02 0.26624E+02 0.38275E+02 0.85198E+01 0.85198E+01 -.11549E+01      1151072   1/0.00000E+00
 0.35000E+00 0.45000E+00 0.00000E+00 0.19200E+02 0.77340E+01 0.96264E+01 0.20912E+02 0.28198E+02 0.66917E+01 0.66917E+01 -.11635E+01      1151072   1/0.00000E+00
 0.45000E+00 0.55000E+00 0.00000E+00 0.21700E+02 0.75463E+01 0.11842E+02 0.13431E+02 0.21666E+02 0.42978E+01 0.42978E+01 0.44954E-02      1151072   1/0.00000E+00
     5765601
 WA70-3                                                                          
Plot1@Experiment:WA70 P_{T}#in (4.75,5.0) @XTitle: x_{F} @YTitle:E#frac{d^{3}#sigma}{d^{3}p}
 xf_low      xf_high     dummy          data      +- uncor     +- tot     th orig         th mod   therr+         therr-     pull    iset       iplot
 -.45000E+00 -.35000E+00 0.00000E+00 0.77000E+01 0.23034E+01 0.42317E+01 0.34516E+01 0.63739E+01 0.11045E+01 0.11045E+01 0.57573E+00      5765601   1/0.00000E+00
 -.35000E+00 -.25000E+00 0.00000E+00 0.16700E+02 0.25924E+01 0.67087E+01 0.68233E+01 0.13161E+02 0.21834E+01 0.21834E+01 0.13651E+01      5765601   1/0.00000E+00
 -.25000E+00 -.15000E+00 0.00000E+00 0.19800E+02 0.32459E+01 0.76620E+01 0.11239E+02 0.18754E+02 0.35965E+01 0.35965E+01 0.32239E+00      5765601   1/0.00000E+00
 -.15000E+00 -.50000E-01 0.00000E+00 0.23000E+02 0.39051E+01 0.87451E+01 0.15723E+02 0.24452E+02 0.50315E+01 0.50315E+01 -.37185E+00      5765601   1/0.00000E+00
 -.50000E-01 0.50000E-01 0.00000E+00 0.33800E+02 0.46650E+01 0.12465E+02 0.19164E+02 0.31991E+02 0.61324E+01 0.61324E+01 0.38770E+00      5765601   1/0.00000E+00
 0.50000E-01 0.15000E+00 0.00000E+00 0.26600E+02 0.47472E+01 0.10085E+02 0.20488E+02 0.30583E+02 0.65562E+01 0.65562E+01 -.83904E+00      5765601   1/0.00000E+00
 0.15000E+00 0.25000E+00 0.00000E+00 0.20300E+02 0.46265E+01 0.79948E+01 0.20007E+02 0.27711E+02 0.64021E+01 0.64021E+01 -.16018E+01      5765601   1/0.00000E+00
 0.25000E+00 0.35000E+00 0.00000E+00 0.17800E+02 0.40919E+01 0.70649E+01 0.17062E+02 0.23817E+02 0.54598E+01 0.54598E+01 -.14705E+01      5765601   1/0.00000E+00
 0.35000E+00 0.45000E+00 0.00000E+00 0.14900E+02 0.44343E+01 0.67721E+01 0.12668E+02 0.18323E+02 0.40537E+01 0.40537E+01 -.77186E+00      5765601   1/0.00000E+00
 0.45000E+00 0.55000E+00 0.00000E+00 0.81000E+01 0.45152E+01 0.51926E+01 0.81568E+01 0.11231E+02 0.26102E+01 0.26102E+01 -.69342E+00      5765601   1/0.00000E+00
      380130
 WA70-4                                                                          
Plot1@Experiment:WA70 P_{T}#in (5.0,5.5) @XTitle: x_{F} @YTitle:E#frac{d^{3}#sigma}{d^{3}p}
 xf_low      xf_high     dummy          data      +- uncor     +- tot     th orig         th mod   therr+         therr-     pull    iset       iplot
 -.45000E+00 -.35000E+00 0.00000E+00 0.17000E+01 0.12480E+01 0.13621E+01 0.16980E+01 0.23431E+01 0.54335E+00 0.54335E+00 -.51536E+00       380130   1/0.00000E+00
 -.35000E+00 -.25000E+00 0.00000E+00 0.43000E+01 0.11908E+01 0.19069E+01 0.34983E+01 0.51302E+01 0.11195E+01 0.11195E+01 -.69720E+00       380130   1/0.00000E+00
 -.25000E+00 -.15000E+00 0.00000E+00 0.97000E+01 0.15851E+01 0.37168E+01 0.58302E+01 0.95115E+01 0.18657E+01 0.18657E+01 0.11894E+00       380130   1/0.00000E+00
 -.15000E+00 -.50000E-01 0.00000E+00 0.11600E+02 0.19575E+01 0.43766E+01 0.82682E+01 0.12671E+02 0.26458E+01 0.26458E+01 -.54692E+00       380130   1/0.00000E+00
 -.50000E-01 0.50000E-01 0.00000E+00 0.15400E+02 0.22626E+01 0.56640E+01 0.10112E+02 0.15957E+02 0.32359E+01 0.32359E+01 -.24605E+00       380130   1/0.00000E+00
 0.50000E-01 0.15000E+00 0.00000E+00 0.10800E+02 0.21968E+01 0.40894E+01 0.10906E+02 0.15005E+02 0.34898E+01 0.34898E+01 -.19140E+01       380130   1/0.00000E+00
 0.15000E+00 0.25000E+00 0.00000E+00 0.15000E+02 0.24631E+01 0.56319E+01 0.10486E+02 0.16179E+02 0.33555E+01 0.33555E+01 -.47856E+00       380130   1/0.00000E+00
 0.25000E+00 0.35000E+00 0.00000E+00 0.11400E+02 0.21795E+01 0.43979E+01 0.89749E+01 0.13301E+02 0.28720E+01 0.28720E+01 -.87243E+00       380130   1/0.00000E+00
 0.35000E+00 0.45000E+00 0.00000E+00 0.49000E+01 0.22954E+01 0.25085E+01 0.67337E+01 0.85933E+01 0.21548E+01 0.21548E+01 -.16090E+01       380130   1/0.00000E+00
 0.45000E+00 0.55000E+00 0.00000E+00 0.33000E+01 0.22170E+01 0.22397E+01 0.41577E+01 0.54101E+01 0.13305E+01 0.13305E+01 -.95177E+00       380130   1/0.00000E+00
     4994659
 WA70-5                                                                          
Plot1@Experiment:WA70 P_{T}#in (5.5,6.0) @XTitle: x_{F} @YTitle:E#frac{d^{3}#sigma}{d^{3}p}
 xf_low      xf_high     dummy          data      +- uncor     +- tot     th orig         th mod   therr+         therr-     pull    iset       iplot
 -.45000E+00 -.35000E+00 0.00000E+00 0.20000E+01 0.48513E+00 0.10653E+01 0.64905E+00 0.14081E+01 0.20770E+00 0.20770E+00 0.12201E+01      4994659   1/0.00000E+00
 -.35000E+00 -.25000E+00 0.00000E+00 0.21000E+01 0.57454E+00 0.97774E+00 0.13743E+01 0.21713E+01 0.43978E+00 0.43978E+00 -.12407E+00      4994659   1/0.00000E+00
 -.25000E+00 -.15000E+00 0.00000E+00 0.62000E+01 0.84157E+00 0.24078E+01 0.23593E+01 0.47123E+01 0.75497E+00 0.75497E+00 0.17678E+01      4994659   1/0.00000E+00
 -.15000E+00 -.50000E-01 0.00000E+00 0.50000E+01 0.96048E+00 0.19800E+01 0.33902E+01 0.52878E+01 0.10849E+01 0.10849E+01 -.29962E+00      4994659   1/0.00000E+00
 -.50000E-01 0.50000E-01 0.00000E+00 0.86000E+01 0.12349E+01 0.32720E+01 0.41868E+01 0.74506E+01 0.13398E+01 0.13398E+01 0.93070E+00      4994659   1/0.00000E+00
 0.50000E-01 0.15000E+00 0.00000E+00 0.68000E+01 0.12273E+01 0.26438E+01 0.45433E+01 0.71240E+01 0.14539E+01 0.14539E+01 -.26399E+00      4994659   1/0.00000E+00
 0.15000E+00 0.25000E+00 0.00000E+00 0.54000E+01 0.12414E+01 0.22140E+01 0.43444E+01 0.63938E+01 0.13902E+01 0.13902E+01 -.80051E+00      4994659   1/0.00000E+00
 0.25000E+00 0.35000E+00 0.00000E+00 0.32000E+01 0.11419E+01 0.14769E+01 0.36839E+01 0.48983E+01 0.11788E+01 0.11788E+01 -.14873E+01      4994659   1/0.00000E+00
 0.35000E+00 0.45000E+00 0.00000E+00 0.41000E+01 0.11187E+01 0.19187E+01 0.26178E+01 0.41738E+01 0.83769E+00 0.83769E+00 -.65960E-01      4994659   1/0.00000E+00
 0.45000E+00 0.55000E+00 0.00000E+00 0.11000E+01 0.10077E+01 0.91603E+00 0.15618E+01 0.19792E+01 0.49977E+00 0.49977E+00 -.87252E+00      4994659   1/0.00000E+00
     9609188
 WA70-6                                                                          
Plot1@Experiment:WA70 P_{T}#in (6.0,7.0) @XTitle: x_{F} @YTitle:E#frac{d^{3}#sigma}{d^{3}p}
 xf_low      xf_high     dummy          data      +- uncor     +- tot     th orig         th mod   therr+         therr-     pull    iset       iplot
 -.25000E+00 -.15000E+00 0.00000E+00 0.11900E+01 0.26901E+00 0.52752E+00 0.64620E+00 0.10978E+01 0.20678E+00 0.20678E+00 0.34267E+00      9609188   1/0.00000E+00
 -.15000E+00 -.50000E-01 0.00000E+00 0.13500E+01 0.34047E+00 0.59164E+00 0.95767E+00 0.14700E+01 0.30645E+00 0.30645E+00 -.35250E+00      9609188   1/0.00000E+00
 -.50000E-01 0.50000E-01 0.00000E+00 0.15100E+01 0.38994E+00 0.64846E+00 0.12277E+01 0.18008E+01 0.39287E+00 0.39287E+00 -.74570E+00      9609188   1/0.00000E+00
 0.50000E-01 0.15000E+00 0.00000E+00 0.17700E+01 0.43051E+00 0.75515E+00 0.13152E+01 0.19869E+01 0.42085E+00 0.42085E+00 -.50380E+00      9609188   1/0.00000E+00
 0.15000E+00 0.25000E+00 0.00000E+00 0.16300E+01 0.42897E+00 0.71456E+00 0.12574E+01 0.18761E+01 0.40238E+00 0.40238E+00 -.57359E+00      9609188   1/0.00000E+00
 0.25000E+00 0.35000E+00 0.00000E+00 0.10900E+01 0.48068E+00 0.60785E+00 0.10163E+01 0.14299E+01 0.32521E+00 0.32521E+00 -.70721E+00      9609188   1/0.00000E+00
 0.35000E+00 0.45000E+00 0.00000E+00 0.25000E+00 0.53596E+00 0.33000E+00 0.70062E+00 0.79550E+00 0.22420E+00 0.22420E+00 -.10178E+01      9609188   1/0.00000E+00
 0.45000E+00 0.55000E+00 0.00000E+00 0.29000E+00 0.39269E+00 0.35860E+00 0.37272E+00 0.48278E+00 0.11927E+00 0.11927E+00 -.49093E+00      9609188   1/0.00000E+00
     2856401
 WA70plus-0                                                                      
Plot1@Experiment:WA70 (#pi^{+}) P_{T}#in (4.0,4.25) @XTitle: x_{F} @YTitle:E#frac{d^{3}#sigma}{d^{3}p}
 xf_low      xf_high     dummy          data      +- uncor     +- tot     th orig         th mod   therr+         therr-     pull    iset       iplot
 -.45000E+00 -.25000E+00 0.00000E+00 0.19300E+02 0.76765E+01 0.11975E+02 0.10805E+02 0.18129E+02 0.34575E+01 0.34575E+01 0.15249E+00      2856401   1/0.00000E+00
 -.25000E+00 -.50000E-01 0.00000E+00 0.47300E+02 0.91562E+01 0.19430E+02 0.26714E+02 0.44665E+02 0.85486E+01 0.85486E+01 0.28775E+00      2856401   1/0.00000E+00
 -.50000E-01 0.15000E+00 0.00000E+00 0.44000E+02 0.10910E+02 0.18594E+02 0.35512E+02 0.52211E+02 0.11364E+02 0.11364E+02 -.75263E+00      2856401   1/0.00000E+00
 0.15000E+00 0.35000E+00 0.00000E+00 0.51300E+02 0.11765E+02 0.21685E+02 0.35369E+02 0.54838E+02 0.11318E+02 0.11318E+02 -.30070E+00      2856401   1/0.00000E+00
 0.35000E+00 0.55000E+00 0.00000E+00 0.22300E+02 0.13208E+02 0.15407E+02 0.20862E+02 0.29325E+02 0.66757E+01 0.66757E+01 -.53188E+00      2856401   1/0.00000E+00
     6946642
 WA70plus-1                                                                      
Plot1@Experiment:WA70 (#pi^{+}) P_{T}#in (4.25,4.5) @XTitle: x_{F} @YTitle:E#frac{d^{3}#sigma}{d^{3}p}
 xf_low      xf_high     dummy          data      +- uncor     +- tot     th orig         th mod   therr+         therr-     pull    iset       iplot
 -.45000E+00 -.25000E+00 0.00000E+00 0.11400E+02 0.44304E+01 0.70152E+01 0.62319E+01 0.10558E+02 0.19942E+01 0.19942E+01 0.18997E+00      6946642   1/0.00000E+00
 -.25000E+00 -.50000E-01 0.00000E+00 0.40700E+02 0.53043E+01 0.15613E+02 0.15447E+02 0.30893E+02 0.49431E+01 0.49431E+01 0.18488E+01      6946642   1/0.00000E+00
 -.50000E-01 0.15000E+00 0.00000E+00 0.35700E+02 0.68240E+01 0.14475E+02 0.21038E+02 0.34587E+02 0.67322E+01 0.67322E+01 0.16312E+00      6946642   1/0.00000E+00
 0.15000E+00 0.35000E+00 0.00000E+00 0.28200E+02 0.67658E+01 0.12034E+02 0.20366E+02 0.31068E+02 0.65170E+01 0.65170E+01 -.42391E+00      6946642   1/0.00000E+00
 0.35000E+00 0.55000E+00 0.00000E+00 0.32600E+02 0.64406E+01 0.14799E+02 0.12273E+02 0.24645E+02 0.39273E+01 0.39273E+01 0.12351E+01      6946642   1/0.00000E+00
     1036883
 WA70plus-2                                                                      
Plot1@Experiment:WA70 (#pi^{+}) P_{T}#in (4.5,4.75) @XTitle: x_{F} @YTitle:E#frac{d^{3}#sigma}{d^{3}p}
 xf_low      xf_high     dummy          data      +- uncor     +- tot     th orig         th mod   therr+         therr-     pull    iset       iplot
 -.45000E+00 -.25000E+00 0.00000E+00 0.11000E+02 0.24957E+01 0.56281E+01 0.35527E+01 0.77274E+01 0.11369E+01 0.11369E+01 0.13113E+01      1036883   1/0.00000E+00
 -.25000E+00 -.50000E-01 0.00000E+00 0.18800E+02 0.32288E+01 0.76300E+01 0.88986E+01 0.16033E+02 0.28476E+01 0.28476E+01 0.85683E+00      1036883   1/0.00000E+00
 -.50000E-01 0.15000E+00 0.00000E+00 0.18500E+02 0.44741E+01 0.80198E+01 0.12652E+02 0.19673E+02 0.40486E+01 0.40486E+01 -.26215E+00      1036883   1/0.00000E+00
 0.15000E+00 0.35000E+00 0.00000E+00 0.17500E+02 0.47185E+01 0.79221E+01 0.12409E+02 0.19051E+02 0.39709E+01 0.39709E+01 -.32862E+00      1036883   1/0.00000E+00
 0.35000E+00 0.55000E+00 0.00000E+00 0.10400E+02 0.50005E+01 0.68011E+01 0.73921E+01 0.11339E+02 0.23655E+01 0.23655E+01 -.18780E+00      1036883   1/0.00000E+00
     5127124
 WA70plus-3                                                                      
Plot1@Experiment:WA70 (#pi^{+}) P_{T}#in (4.75,5.0) @XTitle: x_{F} @YTitle:E#frac{d^{3}#sigma}{d^{3}p}
 xf_low      xf_high     dummy          data      +- uncor     +- tot     th orig         th mod   therr+         therr-     pull    iset       iplot
 -.45000E+00 -.25000E+00 0.00000E+00 0.66000E+01 0.15826E+01 0.35712E+01 0.19933E+01 0.44981E+01 0.63786E+00 0.63786E+00 0.13281E+01      5127124   1/0.00000E+00
 -.25000E+00 -.50000E-01 0.00000E+00 0.98000E+01 0.23598E+01 0.44965E+01 0.52556E+01 0.89748E+01 0.16818E+01 0.16818E+01 0.34967E+00      5127124   1/0.00000E+00
 -.50000E-01 0.15000E+00 0.00000E+00 0.17800E+02 0.28113E+01 0.71306E+01 0.76457E+01 0.14401E+02 0.24466E+01 0.24466E+01 0.12090E+01      5127124   1/0.00000E+00
 0.15000E+00 0.35000E+00 0.00000E+00 0.58000E+01 0.34346E+01 0.36226E+01 0.70692E+01 0.92704E+01 0.22621E+01 0.22621E+01 -.10104E+01      5127124   1/0.00000E+00
 0.35000E+00 0.55000E+00 0.00000E+00 0.29000E+01 0.37773E+01 0.32204E+01 0.43508E+01 0.54514E+01 0.13923E+01 0.13923E+01 -.67546E+00      5127124   1/0.00000E+00
     9217365
 WA70plus-4                                                                      
Plot1@Experiment:WA70 (#pi^{+}) P_{T}#in (5.0,5.5) @XTitle: x_{F} @YTitle:E#frac{d^{3}#sigma}{d^{3}p}
 xf_low      xf_high     dummy          data      +- uncor     +- tot     th orig         th mod   therr+         therr-     pull    iset       iplot
 -.45000E+00 -.25000E+00 0.00000E+00 0.18000E+01 0.69561E+00 0.11358E+01 0.90894E+00 0.15921E+01 0.29086E+00 0.29086E+00 0.29893E+00      9217365   1/0.00000E+00
 -.25000E+00 -.50000E-01 0.00000E+00 0.55000E+01 0.10536E+01 0.23641E+01 0.24506E+01 0.45379E+01 0.78418E+00 0.78418E+00 0.91317E+00      9217365   1/0.00000E+00
 -.50000E-01 0.15000E+00 0.00000E+00 0.80000E+01 0.12703E+01 0.31771E+01 0.36466E+01 0.66827E+01 0.11669E+01 0.11669E+01 0.10370E+01      9217365   1/0.00000E+00
 0.15000E+00 0.35000E+00 0.00000E+00 0.56000E+01 0.14314E+01 0.25433E+01 0.35227E+01 0.56480E+01 0.11273E+01 0.11273E+01 -.33557E-01      9217365   1/0.00000E+00
 0.35000E+00 0.55000E+00 0.00000E+00 0.36000E+01 0.14227E+01 0.22318E+01 0.19943E+01 0.33606E+01 0.63818E+00 0.63818E+00 0.16828E+00      9217365   1/0.00000E+00
     3307606
 WA70plus-5                                                                      
Plot1@Experiment:WA70 (#pi^{+}) P_{T}#in (5.5,6.0) @XTitle: x_{F} @YTitle:E#frac{d^{3}#sigma}{d^{3}p}
 xf_low      xf_high     dummy          data      +- uncor     +- tot     th orig         th mod   therr+         therr-     pull    iset       iplot
 -.25000E+00 -.50000E-01 0.00000E+00 0.22000E+01 0.53596E+00 0.10991E+01 0.88713E+00 0.17221E+01 0.28388E+00 0.28388E+00 0.89175E+00      3307606   1/0.00000E+00
 -.50000E-01 0.15000E+00 0.00000E+00 0.23000E+01 0.72003E+00 0.11927E+01 0.13539E+01 0.22267E+01 0.43324E+00 0.43324E+00 0.10173E+00      3307606   1/0.00000E+00
 0.15000E+00 0.35000E+00 0.00000E+00 0.60000E+00 0.74415E+00 0.54361E+00 0.12846E+01 0.15123E+01 0.41106E+00 0.41106E+00 -.12259E+01      3307606   1/0.00000E+00
     7397847
 WA70plus-6                                                                      
Plot1@Experiment:WA70 (#pi^{+}) P_{T}#in (6.0,7.0) @XTitle: x_{F} @YTitle:E#frac{d^{3}#sigma}{d^{3}p}
 xf_low      xf_high     dummy          data      +- uncor     +- tot     th orig         th mod   therr+         therr-     pull    iset       iplot
 -.25000E+00 -.50000E-01 0.00000E+00 0.80000E+00 0.15789E+00 0.40408E+00 0.20403E+00 0.50764E+00 0.65289E-01 0.65289E-01 0.18517E+01      7397847   1/0.00000E+00
 -.50000E-01 0.15000E+00 0.00000E+00 0.40000E+00 0.20266E+00 0.25650E+00 0.33250E+00 0.48431E+00 0.10640E+00 0.10640E+00 -.41601E+00      7397847   1/0.00000E+00
 0.15000E+00 0.35000E+00 0.00000E+00 0.50000E+00 0.24855E+00 0.35302E+00 0.31194E+00 0.50170E+00 0.99820E-01 0.99820E-01 -.68231E-02      7397847   1/0.00000E+00
     5410532
 NA10-286-0                                                                      
Plot1@Experiment:#sqrt{#tau}#in(0.18:0.21) NA10-286@XTitle: x_{F} @YTitle:#frac{d#sigma}{dx_{F}d#sqrt{#tau}}
 xf_low      xf_high     dummy          data      +- uncor     +- tot     th orig         th mod   therr+         therr-     pull    iset       iplot
 -.10000E+00 0.00000E+00 0.00000E+00 0.56500E+01 0.15871E+00 0.39973E+00 0.49247E+01 0.54011E+01 0.00000E+00 0.00000E+00 0.15684E+01      5410532   1/0.00000E+00
 0.00000E+00 0.10000E+00 0.00000E+00 0.62100E+01 0.15804E+00 0.43245E+00 0.53672E+01 0.58864E+01 0.00000E+00 0.00000E+00 0.20474E+01      5410532   1/0.00000E+00
 0.10000E+00 0.20000E+00 0.00000E+00 0.58500E+01 0.14961E+00 0.40732E+00 0.51148E+01 0.56096E+01 0.00000E+00 0.00000E+00 0.16068E+01      5410532   1/0.00000E+00
 0.20000E+00 0.30000E+00 0.00000E+00 0.51200E+01 0.14014E+00 0.36053E+00 0.44688E+01 0.49011E+01 0.00000E+00 0.00000E+00 0.15623E+01      5410532   1/0.00000E+00
     1058147
 NA10-286-1                                                                      
Plot1@Experiment:#sqrt{#tau}#in(0.21:0.24) NA10-286@XTitle: x_{F} @YTitle:#frac{d#sigma}{dx_{F}d#sqrt{#tau}}
 xf_low      xf_high     dummy          data      +- uncor     +- tot     th orig         th mod   therr+         therr-     pull    iset       iplot
 -.10000E+00 0.00000E+00 0.00000E+00 0.27600E+01 0.84608E-01 0.19832E+00 0.24392E+01 0.26752E+01 0.00000E+00 0.00000E+00 0.10027E+01      1058147   1/0.00000E+00
 0.00000E+00 0.10000E+00 0.00000E+00 0.30500E+01 0.84895E-01 0.21504E+00 0.27138E+01 0.29763E+01 0.00000E+00 0.00000E+00 0.86777E+00      1058147   1/0.00000E+00
 0.10000E+00 0.20000E+00 0.00000E+00 0.29800E+01 0.85572E-01 0.21097E+00 0.26940E+01 0.29546E+01 0.00000E+00 0.00000E+00 0.29713E+00      1058147   1/0.00000E+00
 0.20000E+00 0.30000E+00 0.00000E+00 0.26700E+01 0.76725E-01 0.18876E+00 0.24559E+01 0.26934E+01 0.00000E+00 0.00000E+00 -.30544E+00      1058147   1/0.00000E+00
 0.30000E+00 0.40000E+00 0.00000E+00 0.22900E+01 0.95905E-01 0.17748E+00 0.21063E+01 0.23100E+01 0.00000E+00 0.00000E+00 -.20867E+00      1058147   1/0.00000E+00
     6705762
 NA10-286-2                                                                      
Plot1@Experiment:#sqrt{#tau}#in(0.24:0.27) NA10-286@XTitle: x_{F} @YTitle:#frac{d#sigma}{dx_{F}d#sqrt{#tau}}
 xf_low      xf_high     dummy          data      +- uncor     +- tot     th orig         th mod   therr+         therr-     pull    iset       iplot
 -.10000E+00 0.00000E+00 0.00000E+00 0.13500E+01 0.48617E-01 0.99861E-01 0.12764E+01 0.13998E+01 0.00000E+00 0.00000E+00 -.10252E+01      6705762   1/0.00000E+00
 0.00000E+00 0.10000E+00 0.00000E+00 0.15300E+01 0.48671E-01 0.10999E+00 0.14498E+01 0.15900E+01 0.00000E+00 0.00000E+00 -.12328E+01      6705762   1/0.00000E+00
 0.10000E+00 0.20000E+00 0.00000E+00 0.16000E+01 0.48196E-01 0.11400E+00 0.14866E+01 0.16304E+01 0.00000E+00 0.00000E+00 -.63157E+00      6705762   1/0.00000E+00
 0.20000E+00 0.30000E+00 0.00000E+00 0.15000E+01 0.48375E-01 0.10828E+00 0.14041E+01 0.15399E+01 0.00000E+00 0.00000E+00 -.82544E+00      6705762   1/0.00000E+00
 0.30000E+00 0.40000E+00 0.00000E+00 0.13300E+01 0.57873E-01 0.10418E+00 0.12374E+01 0.13571E+01 0.00000E+00 0.00000E+00 -.46775E+00      6705762   1/0.00000E+00
     2353377
 NA10-286-3                                                                      
Plot1@Experiment:#sqrt{#tau}#in(0.27:0.3) NA10-286@XTitle: x_{F} @YTitle:#frac{d#sigma}{dx_{F}d#sqrt{#tau}}
 xf_low      xf_high     dummy          data      +- uncor     +- tot     th orig         th mod   therr+         therr-     pull    iset       iplot
 -.20000E+00 -.10000E+00 0.00000E+00 0.53700E+00 0.57007E-01 0.66568E-01 0.53713E+00 0.58909E+00 0.00000E+00 0.00000E+00 -.91377E+00      2353377   1/0.00000E+00
 -.10000E+00 0.00000E+00 0.00000E+00 0.78400E+00 0.32038E-01 0.60631E-01 0.69614E+00 0.76348E+00 0.00000E+00 0.00000E+00 0.64052E+00      2353377   1/0.00000E+00
 0.00000E+00 0.10000E+00 0.00000E+00 0.88100E+00 0.30635E-01 0.64856E-01 0.80744E+00 0.88554E+00 0.00000E+00 0.00000E+00 -.14835E+00      2353377   1/0.00000E+00
 0.10000E+00 0.20000E+00 0.00000E+00 0.92100E+00 0.30745E-01 0.67095E-01 0.85018E+00 0.93242E+00 0.00000E+00 0.00000E+00 -.37139E+00      2353377   1/0.00000E+00
 0.20000E+00 0.30000E+00 0.00000E+00 0.89700E+00 0.31647E-01 0.66241E-01 0.82493E+00 0.90473E+00 0.00000E+00 0.00000E+00 -.24421E+00      2353377   1/0.00000E+00
 0.30000E+00 0.40000E+00 0.00000E+00 0.80800E+00 0.34563E-01 0.63030E-01 0.74477E+00 0.81681E+00 0.00000E+00 0.00000E+00 -.25486E+00      2353377   1/0.00000E+00
     8000992
 NA10-286-4                                                                      
Plot1@Experiment:#sqrt{#tau}#in(0.3:0.33) NA10-286@XTitle: x_{F} @YTitle:#frac{d#sigma}{dx_{F}d#sqrt{#tau}}
 xf_low      xf_high     dummy          data      +- uncor     +- tot     th orig         th mod   therr+         therr-     pull    iset       iplot
 -.20000E+00 -.10000E+00 0.00000E+00 0.27800E+00 0.28970E-01 0.33179E-01 0.29759E+00 0.32637E+00 0.00000E+00 0.00000E+00 -.16698E+01      8000992   1/0.00000E+00
 -.10000E+00 0.00000E+00 0.00000E+00 0.43700E+00 0.21770E-01 0.36221E-01 0.39152E+00 0.42939E+00 0.00000E+00 0.00000E+00 0.34942E+00      8000992   1/0.00000E+00
 0.00000E+00 0.10000E+00 0.00000E+00 0.50400E+00 0.20126E-01 0.38503E-01 0.46293E+00 0.50771E+00 0.00000E+00 0.00000E+00 -.18417E+00      8000992   1/0.00000E+00
 0.10000E+00 0.20000E+00 0.00000E+00 0.53400E+00 0.20299E-01 0.40127E-01 0.49896E+00 0.54722E+00 0.00000E+00 0.00000E+00 -.65124E+00      8000992   1/0.00000E+00
 0.20000E+00 0.30000E+00 0.00000E+00 0.53000E+00 0.21279E-01 0.40444E-01 0.49583E+00 0.54379E+00 0.00000E+00 0.00000E+00 -.64793E+00      8000992   1/0.00000E+00
 0.30000E+00 0.40000E+00 0.00000E+00 0.52300E+00 0.23325E-01 0.41791E-01 0.45528E+00 0.49932E+00 0.00000E+00 0.00000E+00 0.10153E+01      8000992   1/0.00000E+00
 0.40000E+00 0.50000E+00 0.00000E+00 0.42400E+00 0.27711E-01 0.39725E-01 0.38715E+00 0.42460E+00 0.00000E+00 0.00000E+00 -.21778E-01      8000992   1/0.00000E+00
     3648607
 NA10-286-5                                                                      
Plot1@Experiment:#sqrt{#tau}#in(0.33:0.36) NA10-286@XTitle: x_{F} @YTitle:#frac{d#sigma}{dx_{F}d#sqrt{#tau}}
 xf_low      xf_high     dummy          data      +- uncor     +- tot     th orig         th mod   therr+         therr-     pull    iset       iplot
 -.20000E+00 -.10000E+00 0.00000E+00 0.11700E+00 0.26427E-01 0.23241E-01 0.16882E+00 0.18515E+00 0.00000E+00 0.00000E+00 -.25789E+01      3648607   1/0.00000E+00
 -.10000E+00 0.00000E+00 0.00000E+00 0.26000E+00 0.15809E-01 0.23794E-01 0.22485E+00 0.24660E+00 0.00000E+00 0.00000E+00 0.84732E+00      3648607   1/0.00000E+00
 0.00000E+00 0.10000E+00 0.00000E+00 0.32400E+00 0.14662E-01 0.26199E-01 0.27207E+00 0.29838E+00 0.00000E+00 0.00000E+00 0.17471E+01      3648607   1/0.00000E+00
 0.10000E+00 0.20000E+00 0.00000E+00 0.31800E+00 0.14531E-01 0.25290E-01 0.29841E+00 0.32727E+00 0.00000E+00 0.00000E+00 -.63812E+00      3648607   1/0.00000E+00
 0.20000E+00 0.30000E+00 0.00000E+00 0.32700E+00 0.15371E-01 0.26352E-01 0.30178E+00 0.33097E+00 0.00000E+00 0.00000E+00 -.25842E+00      3648607   1/0.00000E+00
 0.30000E+00 0.40000E+00 0.00000E+00 0.30300E+00 0.16360E-01 0.25796E-01 0.28061E+00 0.30775E+00 0.00000E+00 0.00000E+00 -.29056E+00      3648607   1/0.00000E+00
 0.40000E+00 0.50000E+00 0.00000E+00 0.30200E+00 0.18770E-01 0.28547E-01 0.24127E+00 0.26461E+00 0.00000E+00 0.00000E+00 0.19918E+01      3648607   1/0.00000E+00
 0.50000E+00 0.60000E+00 0.00000E+00 0.21400E+00 0.27204E-01 0.32074E-01 0.18831E+00 0.20653E+00 0.00000E+00 0.00000E+00 0.27459E+00      3648607   1/0.00000E+00
     9296222
 NA10-286-6                                                                      
Plot1@Experiment:#sqrt{#tau}#in(0.45:0.48) NA10-286@XTitle: x_{F} @YTitle:#frac{d#sigma}{dx_{F}d#sqrt{#tau}}
 xf_low      xf_high     dummy          data      +- uncor     +- tot     th orig         th mod   therr+         therr-     pull    iset       iplot
 -.20000E+00 -.10000E+00 0.00000E+00 0.28000E-01 0.73997E-02 0.91768E-02 0.18928E-01 0.20759E-01 0.00000E+00 0.00000E+00 0.97861E+00      9296222   1/0.00000E+00
 -.10000E+00 0.00000E+00 0.00000E+00 0.36000E-01 0.69497E-02 0.83255E-02 0.27168E-01 0.29796E-01 0.00000E+00 0.00000E+00 0.89277E+00      9296222   1/0.00000E+00
 0.00000E+00 0.10000E+00 0.00000E+00 0.48000E-01 0.68571E-02 0.85701E-02 0.35265E-01 0.38676E-01 0.00000E+00 0.00000E+00 0.13597E+01      9296222   1/0.00000E+00
 0.10000E+00 0.20000E+00 0.00000E+00 0.36000E-01 0.63931E-02 0.64276E-02 0.40872E-01 0.44826E-01 0.00000E+00 0.00000E+00 -.13805E+01      9296222   1/0.00000E+00
 0.20000E+00 0.30000E+00 0.00000E+00 0.49000E-01 0.66213E-02 0.76710E-02 0.43842E-01 0.48083E-01 0.00000E+00 0.00000E+00 0.13853E+00      9296222   1/0.00000E+00
 0.30000E+00 0.40000E+00 0.00000E+00 0.37000E-01 0.63960E-02 0.64508E-02 0.42046E-01 0.46113E-01 0.00000E+00 0.00000E+00 -.14248E+01      9296222   1/0.00000E+00
 0.40000E+00 0.50000E+00 0.00000E+00 0.44000E-01 0.72372E-02 0.84816E-02 0.36009E-01 0.39492E-01 0.00000E+00 0.00000E+00 0.62286E+00      9296222   1/0.00000E+00
 0.50000E+00 0.60000E+00 0.00000E+00 0.18000E-01 0.72523E-02 0.61097E-02 0.26298E-01 0.28842E-01 0.00000E+00 0.00000E+00 -.14950E+01      9296222   1/0.00000E+00
     4943837
 NA10-286-7                                                                      
Plot1@Experiment:#sqrt{#tau}#in(0.48:0.51) NA10-286@XTitle: x_{F} @YTitle:#frac{d#sigma}{dx_{F}d#sqrt{#tau}}
 xf_low      xf_high     dummy          data      +- uncor     +- tot     th orig         th mod   therr+         therr-     pull    iset       iplot
 -.20000E+00 -.10000E+00 0.00000E+00 0.10000E-01 0.31339E-02 0.30676E-02 0.10912E-01 0.11968E-01 0.00000E+00 0.00000E+00 -.62792E+00      4943837   1/0.00000E+00
 -.10000E+00 0.00000E+00 0.00000E+00 0.18000E-01 0.37875E-02 0.41627E-02 0.16138E-01 0.17699E-01 0.00000E+00 0.00000E+00 0.79450E-01      4943837   1/0.00000E+00
 0.00000E+00 0.10000E+00 0.00000E+00 0.18000E-01 0.32520E-02 0.32138E-02 0.21152E-01 0.23198E-01 0.00000E+00 0.00000E+00 -.15983E+01      4943837   1/0.00000E+00
 0.10000E+00 0.20000E+00 0.00000E+00 0.28000E-01 0.37775E-02 0.43834E-02 0.24972E-01 0.27387E-01 0.00000E+00 0.00000E+00 0.16221E+00      4943837   1/0.00000E+00
 0.20000E+00 0.30000E+00 0.00000E+00 0.31000E-01 0.37144E-02 0.44654E-02 0.26732E-01 0.29317E-01 0.00000E+00 0.00000E+00 0.45299E+00      4943837   1/0.00000E+00
 0.30000E+00 0.40000E+00 0.00000E+00 0.29000E-01 0.37663E-02 0.44100E-02 0.25710E-01 0.28197E-01 0.00000E+00 0.00000E+00 0.21328E+00      4943837   1/0.00000E+00
 0.40000E+00 0.50000E+00 0.00000E+00 0.22000E-01 0.39921E-02 0.42408E-02 0.21914E-01 0.24033E-01 0.00000E+00 0.00000E+00 -.50932E+00      4943837   1/0.00000E+00
 0.50000E+00 0.60000E+00 0.00000E+00 0.14000E-01 0.31113E-02 0.31311E-02 0.15058E-01 0.16515E-01 0.00000E+00 0.00000E+00 -.80832E+00      4943837   1/0.00000E+00
 0.60000E+00 0.70000E+00 0.00000E+00 0.40000E-02 0.26381E-02 0.20163E-02 0.69595E-02 0.76327E-02 0.00000E+00 0.00000E+00 -.13770E+01      4943837   1/0.00000E+00
      591452
 NA10-286-8                                                                      
Plot1@Experiment:#sqrt{#tau}#in(0.51:0.54) NA10-286@XTitle: x_{F} @YTitle:#frac{d#sigma}{dx_{F}d#sqrt{#tau}}
 xf_low      xf_high     dummy          data      +- uncor     +- tot     th orig         th mod   therr+         therr-     pull    iset       iplot
 -.20000E+00 -.10000E+00 0.00000E+00 0.70000E-02 0.18738E-02 0.20496E-02 0.61447E-02 0.67391E-02 0.00000E+00 0.00000E+00 0.13921E+00       591452   1/0.00000E+00
 -.10000E+00 0.00000E+00 0.00000E+00 0.60000E-02 0.25012E-02 0.20366E-02 0.93842E-02 0.10292E-01 0.00000E+00 0.00000E+00 -.17159E+01       591452   1/0.00000E+00
 0.00000E+00 0.10000E+00 0.00000E+00 0.90000E-02 0.23703E-02 0.20814E-02 0.12642E-01 0.13864E-01 0.00000E+00 0.00000E+00 -.20522E+01       591452   1/0.00000E+00
 0.10000E+00 0.20000E+00 0.00000E+00 0.17000E-01 0.28312E-02 0.31914E-02 0.15141E-01 0.16606E-01 0.00000E+00 0.00000E+00 0.13920E+00       591452   1/0.00000E+00
 0.20000E+00 0.30000E+00 0.00000E+00 0.18000E-01 0.28529E-02 0.32138E-02 0.16278E-01 0.17853E-01 0.00000E+00 0.00000E+00 0.51640E-01       591452   1/0.00000E+00
 0.30000E+00 0.40000E+00 0.00000E+00 0.11000E-01 0.23804E-02 0.21204E-02 0.15583E-01 0.17090E-01 0.00000E+00 0.00000E+00 -.25584E+01       591452   1/0.00000E+00
 0.40000E+00 0.50000E+00 0.00000E+00 0.90000E-02 0.24053E-02 0.20814E-02 0.13017E-01 0.14276E-01 0.00000E+00 0.00000E+00 -.21937E+01       591452   1/0.00000E+00
 0.50000E+00 0.60000E+00 0.00000E+00 0.60000E-02 0.24010E-02 0.20366E-02 0.86470E-02 0.94834E-02 0.00000E+00 0.00000E+00 -.14508E+01       591452   1/0.00000E+00
     6239067
 NA10-286-9                                                                      
Plot1@Experiment:#sqrt{#tau}#in(0.54:0.63) NA10-286@XTitle: x_{F} @YTitle:#frac{d#sigma}{dx_{F}d#sqrt{#tau}}
 xf_low      xf_high     dummy          data      +- uncor     +- tot     th orig         th mod   therr+         therr-     pull    iset       iplot
 -.20000E+00 -.10000E+00 0.00000E+00 0.19000E-02 0.84855E-03 0.80920E-03 0.21376E-02 0.23444E-02 0.00000E+00 0.00000E+00 -.52372E+00      6239067   1/0.00000E+00
 -.10000E+00 0.00000E+00 0.00000E+00 0.28000E-02 0.88280E-03 0.81984E-03 0.34096E-02 0.37394E-02 0.00000E+00 0.00000E+00 -.10641E+01      6239067   1/0.00000E+00
 0.00000E+00 0.10000E+00 0.00000E+00 0.30000E-02 0.88129E-03 0.72588E-03 0.47551E-02 0.52151E-02 0.00000E+00 0.00000E+00 -.25134E+01      6239067   1/0.00000E+00
 0.10000E+00 0.20000E+00 0.00000E+00 0.53000E-02 0.94227E-03 0.96186E-03 0.58096E-02 0.63715E-02 0.00000E+00 0.00000E+00 -.11372E+01      6239067   1/0.00000E+00
 0.20000E+00 0.30000E+00 0.00000E+00 0.66000E-02 0.97341E-03 0.10856E-02 0.62537E-02 0.68586E-02 0.00000E+00 0.00000E+00 -.26566E+00      6239067   1/0.00000E+00
 0.30000E+00 0.40000E+00 0.00000E+00 0.57000E-02 0.91807E-03 0.97119E-03 0.59312E-02 0.65049E-02 0.00000E+00 0.00000E+00 -.87676E+00      6239067   1/0.00000E+00
 0.40000E+00 0.50000E+00 0.00000E+00 0.43000E-02 0.92743E-03 0.94117E-03 0.45661E-02 0.50078E-02 0.00000E+00 0.00000E+00 -.76321E+00      6239067   1/0.00000E+00
 0.50000E+00 0.60000E+00 0.00000E+00 0.15000E-02 0.77782E-03 0.60764E-03 0.25208E-02 0.27647E-02 0.00000E+00 0.00000E+00 -.16259E+01      6239067   1/0.00000E+00
 0.60000E+00 0.70000E+00 0.00000E+00 0.60000E-03 0.35810E-03 0.40184E-03 0.48088E-03 0.52740E-03 0.00000E+00 0.00000E+00 0.20275E+00      6239067   1/0.00000E+00
     7607379
 NA10-286-10                                                                     
Plot1@Experiment:#sqrt{#tau}#in(0.63:0.72) NA10-286@XTitle: x_{F} @YTitle:#frac{d#sigma}{dx_{F}d#sqrt{#tau}}
 xf_low      xf_high     dummy          data      +- uncor     +- tot     th orig         th mod   therr+         therr-     pull    iset       iplot
 0.00000E+00 0.10000E+00 0.00000E+00 0.30000E-03 0.33264E-03 0.20092E-03 0.82989E-03 0.91017E-03 0.00000E+00 0.00000E+00 -.18343E+01      7607379   1/0.00000E+00
 0.10000E+00 0.20000E+00 0.00000E+00 0.80000E-03 0.34440E-03 0.30434E-03 0.10543E-02 0.11563E-02 0.00000E+00 0.00000E+00 -.10346E+01      7607379   1/0.00000E+00
 0.20000E+00 0.30000E+00 0.00000E+00 0.10000E-02 0.42462E-03 0.40509E-03 0.11269E-02 0.12359E-02 0.00000E+00 0.00000E+00 -.55558E+00      7607379   1/0.00000E+00
 0.30000E+00 0.40000E+00 0.00000E+00 0.25000E-02 0.49597E-03 0.81586E-03 0.96088E-03 0.10538E-02 0.00000E+00 0.00000E+00 0.29159E+01      7607379   1/0.00000E+00
     2383552
 E615-0                                                                          
Plot1@Experiment:E615 #sqrt{#tau}#in(0.185:0.208)@XTitle: x_{F} @YTitle:#frac{d#sigma}{dx_{F}d#sqrt{#tau}}
 xf_low      xf_high     dummy          data      +- uncor     +- tot     th orig         th mod   therr+         therr-     pull    iset       iplot
 0.00000E+00 0.10000E+00 0.00000E+00 0.46600E+01 0.35191E+00 0.77036E+00 0.56358E+01 0.49334E+01 0.00000E+00 0.00000E+00 -.77697E+00      2383552   1/0.10000E+00
 0.10000E+00 0.20000E+00 0.00000E+00 0.47300E+01 0.30950E+00 0.76813E+00 0.53874E+01 0.47160E+01 0.00000E+00 0.00000E+00 0.45112E-01      2383552   1/0.20000E+00
 0.20000E+00 0.30000E+00 0.00000E+00 0.47900E+01 0.27839E+00 0.77281E+00 0.47350E+01 0.41449E+01 0.00000E+00 0.00000E+00 0.23171E+01      2383552   1/0.30000E+00
 0.30000E+00 0.40000E+00 0.00000E+00 0.37600E+01 0.22490E+00 0.60671E+00 0.39294E+01 0.34397E+01 0.00000E+00 0.00000E+00 0.14242E+01      2383552   1/0.40000E+00
 0.40000E+00 0.50000E+00 0.00000E+00 0.31200E+01 0.18037E+00 0.50252E+00 0.31330E+01 0.27426E+01 0.00000E+00 0.00000E+00 0.20925E+01      2383552   1/0.50000E+00
 0.50000E+00 0.60000E+00 0.00000E+00 0.21200E+01 0.12743E+00 0.34063E+00 0.23907E+01 0.20928E+01 0.00000E+00 0.00000E+00 0.21354E+00      2383552   1/0.60000E+00
 0.60000E+00 0.70000E+00 0.00000E+00 0.15600E+01 0.13560E+00 0.26820E+00 0.16973E+01 0.14858E+01 0.00000E+00 0.00000E+00 0.54730E+00      2383552   1/0.70000E+00
     6998081
 E615-1                                                                          
Plot1@Experiment:E615 #sqrt{#tau}#in(0.208:0.231)@XTitle: x_{F} @YTitle:#frac{d#sigma}{dx_{F}d#sqrt{#tau}}
 xf_low      xf_high     dummy          data      +- uncor     +- tot     th orig         th mod   therr+         therr-     pull    iset       iplot
 -.10000E+00 0.00000E+00 0.00000E+00 0.24000E+01 0.26379E+00 0.42796E+00 0.31570E+01 0.27636E+01 0.00000E+00 0.00000E+00 -.13784E+01      6998081   1/0.00000E+00
 0.00000E+00 0.10000E+00 0.00000E+00 0.28600E+01 0.23215E+00 0.47861E+00 0.34952E+01 0.30597E+01 0.00000E+00 0.00000E+00 -.85999E+00      6998081   1/0.10000E+00
 0.10000E+00 0.20000E+00 0.00000E+00 0.27700E+01 0.21186E+00 0.45783E+00 0.34442E+01 0.30150E+01 0.00000E+00 0.00000E+00 -.11563E+01      6998081   1/0.20000E+00
 0.20000E+00 0.30000E+00 0.00000E+00 0.26800E+01 0.18350E+00 0.43740E+00 0.31225E+01 0.27334E+01 0.00000E+00 0.00000E+00 -.29078E+00      6998081   1/0.30000E+00
 0.30000E+00 0.40000E+00 0.00000E+00 0.21300E+01 0.14536E+00 0.34568E+00 0.26629E+01 0.23310E+01 0.00000E+00 0.00000E+00 -.13831E+01      6998081   1/0.40000E+00
 0.40000E+00 0.50000E+00 0.00000E+00 0.17700E+01 0.12158E+00 0.28800E+00 0.21621E+01 0.18927E+01 0.00000E+00 0.00000E+00 -.10092E+01      6998081   1/0.50000E+00
 0.50000E+00 0.60000E+00 0.00000E+00 0.14400E+01 0.96645E-01 0.23450E+00 0.16605E+01 0.14536E+01 0.00000E+00 0.00000E+00 -.14022E+00      6998081   1/0.60000E+00
 0.60000E+00 0.70000E+00 0.00000E+00 0.95000E+00 0.66752E-01 0.15495E+00 0.11758E+01 0.10293E+01 0.00000E+00 0.00000E+00 -.11882E+01      6998081   1/0.70000E+00
 0.70000E+00 0.80000E+00 0.00000E+00 0.69000E+00 0.51539E-01 0.11518E+00 0.73313E+00 0.64177E+00 0.00000E+00 0.00000E+00 0.93581E+00      6998081   1/0.80000E+00
 0.80000E+00 0.90000E+00 0.00000E+00 0.33000E+00 0.80723E-01 0.94141E-01 0.33599E+00 0.29412E+00 0.00000E+00 0.00000E+00 0.44448E+00      6998081   1/0.90000E+00
     1612610
 E615-2                                                                          
Plot1@Experiment:E615 #sqrt{#tau}#in(0.231:0.254)@XTitle: x_{F} @YTitle:#frac{d#sigma}{dx_{F}d#sqrt{#tau}}
 xf_low      xf_high     dummy          data      +- uncor     +- tot     th orig         th mod   therr+         therr-     pull    iset       iplot
 -.10000E+00 0.00000E+00 0.00000E+00 0.16420E+01 0.17664E+00 0.29642E+00 0.19049E+01 0.16675E+01 0.00000E+00 0.00000E+00 -.14434E+00      1612610   1/0.00000E+00
 0.00000E+00 0.10000E+00 0.00000E+00 0.17870E+01 0.16311E+00 0.30727E+00 0.21414E+01 0.18745E+01 0.00000E+00 0.00000E+00 -.53658E+00      1612610   1/0.10000E+00
 0.10000E+00 0.20000E+00 0.00000E+00 0.16600E+01 0.14632E+00 0.28053E+00 0.21691E+01 0.18988E+01 0.00000E+00 0.00000E+00 -.16319E+01      1612610   1/0.20000E+00
 0.20000E+00 0.30000E+00 0.00000E+00 0.17180E+01 0.13233E+00 0.28570E+00 0.20213E+01 0.17694E+01 0.00000E+00 0.00000E+00 -.38829E+00      1612610   1/0.30000E+00
 0.30000E+00 0.40000E+00 0.00000E+00 0.15490E+01 0.11316E+00 0.25592E+00 0.17654E+01 0.15454E+01 0.00000E+00 0.00000E+00 0.31711E-01      1612610   1/0.40000E+00
 0.40000E+00 0.50000E+00 0.00000E+00 0.13310E+01 0.94074E-01 0.21945E+00 0.14542E+01 0.12730E+01 0.00000E+00 0.00000E+00 0.61654E+00      1612610   1/0.50000E+00
 0.50000E+00 0.60000E+00 0.00000E+00 0.93100E+00 0.70246E-01 0.15394E+00 0.11216E+01 0.98180E+00 0.00000E+00 0.00000E+00 -.72324E+00      1612610   1/0.60000E+00
 0.60000E+00 0.70000E+00 0.00000E+00 0.73500E+00 0.50990E-01 0.12090E+00 0.79591E+00 0.69672E+00 0.00000E+00 0.00000E+00 0.75067E+00      1612610   1/0.70000E+00
 0.70000E+00 0.80000E+00 0.00000E+00 0.35000E+00 0.30631E-01 0.58703E-01 0.48577E+00 0.42523E+00 0.00000E+00 0.00000E+00 -.24562E+01      1612610   1/0.80000E+00
 0.80000E+00 0.90000E+00 0.00000E+00 0.15800E+00 0.16083E-01 0.27577E-01 0.20853E+00 0.18254E+00 0.00000E+00 0.00000E+00 -.15258E+01      1612610   1/0.90000E+00
 0.90000E+00 0.10000E+01 0.00000E+00 0.10000E-01 0.52187E-02 0.42733E-02 0.17022E-01 0.14900E-01 0.00000E+00 0.00000E+00 -.93900E+00      1612610   1/0.10000E+01
     6227139
 E615-3                                                                          
Plot1@Experiment:E615 #sqrt{#tau}#in(0.254:0.277)@XTitle: x_{F} @YTitle:#frac{d#sigma}{dx_{F}d#sqrt{#tau}}
 xf_low      xf_high     dummy          data      +- uncor     +- tot     th orig         th mod   therr+         therr-     pull    iset       iplot
 -.20000E+00 -.10000E+00 0.00000E+00 0.76300E+00 0.13611E+00 0.16894E+00 0.91926E+00 0.80471E+00 0.00000E+00 0.00000E+00 -.30642E+00      6227139   1/-.10000E+00
 -.10000E+00 0.00000E+00 0.00000E+00 0.10750E+01 0.13409E+00 0.20619E+00 0.11797E+01 0.10327E+01 0.00000E+00 0.00000E+00 0.31560E+00      6227139   1/0.00000E+00
 0.00000E+00 0.10000E+00 0.00000E+00 0.10110E+01 0.11556E+00 0.18197E+00 0.13501E+01 0.11819E+01 0.00000E+00 0.00000E+00 -.14787E+01      6227139   1/0.10000E+00
 0.10000E+00 0.20000E+00 0.00000E+00 0.10240E+01 0.10630E+00 0.17886E+00 0.13973E+01 0.12232E+01 0.00000E+00 0.00000E+00 -.18737E+01      6227139   1/0.20000E+00
 0.20000E+00 0.30000E+00 0.00000E+00 0.11920E+01 0.10155E+00 0.20334E+00 0.13338E+01 0.11676E+01 0.00000E+00 0.00000E+00 0.24016E+00      6227139   1/0.30000E+00
 0.30000E+00 0.40000E+00 0.00000E+00 0.10270E+01 0.86044E-01 0.17393E+00 0.11881E+01 0.10400E+01 0.00000E+00 0.00000E+00 -.15105E+00      6227139   1/0.40000E+00
 0.40000E+00 0.50000E+00 0.00000E+00 0.83900E+00 0.70663E-01 0.14193E+00 0.99157E+00 0.86800E+00 0.00000E+00 0.00000E+00 -.41039E+00      6227139   1/0.50000E+00
 0.50000E+00 0.60000E+00 0.00000E+00 0.62600E+00 0.55437E-01 0.10659E+00 0.76955E+00 0.67365E+00 0.00000E+00 0.00000E+00 -.85947E+00      6227139   1/0.60000E+00
 0.60000E+00 0.70000E+00 0.00000E+00 0.44400E+00 0.38681E-01 0.75384E-01 0.54231E+00 0.47473E+00 0.00000E+00 0.00000E+00 -.79433E+00      6227139   1/0.70000E+00
 0.70000E+00 0.80000E+00 0.00000E+00 0.24100E+00 0.24403E-01 0.41885E-01 0.32543E+00 0.28487E+00 0.00000E+00 0.00000E+00 -.17979E+01      6227139   1/0.80000E+00
 0.80000E+00 0.90000E+00 0.00000E+00 0.10500E+00 0.13238E-01 0.19832E-01 0.12779E+00 0.11186E+00 0.00000E+00 0.00000E+00 -.51855E+00      6227139   1/0.90000E+00
 0.90000E+00 0.10000E+01 0.00000E+00 0.10000E-01 0.22996E-02 0.33558E-02 0.58756E-02 0.51434E-02 0.00000E+00 0.00000E+00 0.21120E+01      6227139   1/0.10000E+01
      841668
 E615-4                                                                          
Plot1@Experiment:E615 #sqrt{#tau}#in(0.277:0.3)@XTitle: x_{F} @YTitle:#frac{d#sigma}{dx_{F}d#sqrt{#tau}}
 xf_low      xf_high     dummy          data      +- uncor     +- tot     th orig         th mod   therr+         therr-     pull    iset       iplot
 -.10000E+00 0.00000E+00 0.00000E+00 0.72200E+00 0.12308E+00 0.16257E+00 0.74706E+00 0.65396E+00 0.00000E+00 0.00000E+00 0.55277E+00       841668   1/0.00000E+00
 0.00000E+00 0.10000E+00 0.00000E+00 0.86300E+00 0.11536E+00 0.17340E+00 0.86843E+00 0.76021E+00 0.00000E+00 0.00000E+00 0.89105E+00       841668   1/0.10000E+00
 0.10000E+00 0.20000E+00 0.00000E+00 0.89200E+00 0.10341E+00 0.16851E+00 0.91677E+00 0.80252E+00 0.00000E+00 0.00000E+00 0.86529E+00       841668   1/0.20000E+00
 0.20000E+00 0.30000E+00 0.00000E+00 0.66000E+00 0.88437E-01 0.12500E+00 0.89369E+00 0.78232E+00 0.00000E+00 0.00000E+00 -.13831E+01       841668   1/0.30000E+00
 0.30000E+00 0.40000E+00 0.00000E+00 0.69400E+00 0.76624E-01 0.12622E+00 0.80831E+00 0.70758E+00 0.00000E+00 0.00000E+00 -.17719E+00       841668   1/0.40000E+00
 0.40000E+00 0.50000E+00 0.00000E+00 0.63900E+00 0.63041E-01 0.11382E+00 0.68247E+00 0.59742E+00 0.00000E+00 0.00000E+00 0.65959E+00       841668   1/0.50000E+00
 0.50000E+00 0.60000E+00 0.00000E+00 0.45800E+00 0.49585E-01 0.82821E-01 0.53216E+00 0.46584E+00 0.00000E+00 0.00000E+00 -.15819E+00       841668   1/0.60000E+00
 0.60000E+00 0.70000E+00 0.00000E+00 0.30000E+00 0.33507E-01 0.54177E-01 0.37424E+00 0.32760E+00 0.00000E+00 0.00000E+00 -.82377E+00       841668   1/0.70000E+00
 0.70000E+00 0.80000E+00 0.00000E+00 0.15300E+00 0.20277E-01 0.28607E-01 0.21767E+00 0.19055E+00 0.00000E+00 0.00000E+00 -.18516E+01       841668   1/0.80000E+00
 0.80000E+00 0.90000E+00 0.00000E+00 0.58000E-01 0.10341E-01 0.12533E-01 0.76574E-01 0.67031E-01 0.00000E+00 0.00000E+00 -.87332E+00       841668   1/0.90000E+00
 0.90000E+00 0.10000E+01 0.00000E+00 0.10000E-02 0.11502E-02 0.10112E-02 0.13230E-02 0.11582E-02 0.00000E+00 0.00000E+00 -.13750E+00       841668   1/0.10000E+01
     5456197
 E615-5                                                                          
Plot1@Experiment:E615 #sqrt{#tau}#in(0.3:0.323)@XTitle: x_{F} @YTitle:#frac{d#sigma}{dx_{F}d#sqrt{#tau}}
 xf_low      xf_high     dummy          data      +- uncor     +- tot     th orig         th mod   therr+         therr-     pull    iset       iplot
 -.20000E+00 -.10000E+00 0.00000E+00 0.31000E+00 0.88171E-01 0.93456E-01 0.36732E+00 0.32154E+00 0.00000E+00 0.00000E+00 -.13090E+00      5456197   1/-.10000E+00
 -.10000E+00 0.00000E+00 0.00000E+00 0.42900E+00 0.79579E-01 0.98928E-01 0.48298E+00 0.42279E+00 0.00000E+00 0.00000E+00 0.78026E-01      5456197   1/0.00000E+00
 0.00000E+00 0.10000E+00 0.00000E+00 0.60800E+00 0.78244E-01 0.12215E+00 0.56732E+00 0.49662E+00 0.00000E+00 0.00000E+00 0.14234E+01      5456197   1/0.10000E+00
 0.10000E+00 0.20000E+00 0.00000E+00 0.49700E+00 0.69868E-01 0.97748E-01 0.61126E+00 0.53509E+00 0.00000E+00 0.00000E+00 -.54512E+00      5456197   1/0.20000E+00
 0.20000E+00 0.30000E+00 0.00000E+00 0.63800E+00 0.72015E-01 0.12116E+00 0.60423E+00 0.52893E+00 0.00000E+00 0.00000E+00 0.15145E+01      5456197   1/0.30000E+00
 0.30000E+00 0.40000E+00 0.00000E+00 0.51300E+00 0.59341E-01 0.95917E-01 0.55600E+00 0.48671E+00 0.00000E+00 0.00000E+00 0.44305E+00      5456197   1/0.40000E+00
 0.40000E+00 0.50000E+00 0.00000E+00 0.42400E+00 0.50735E-01 0.79808E-01 0.47369E+00 0.41466E+00 0.00000E+00 0.00000E+00 0.18419E+00      5456197   1/0.50000E+00
 0.50000E+00 0.60000E+00 0.00000E+00 0.29700E+00 0.41306E-01 0.57997E-01 0.37016E+00 0.32403E+00 0.00000E+00 0.00000E+00 -.65437E+00      5456197   1/0.60000E+00
 0.60000E+00 0.70000E+00 0.00000E+00 0.18300E+00 0.28431E-01 0.36514E-01 0.25681E+00 0.22480E+00 0.00000E+00 0.00000E+00 -.14704E+01      5456197   1/0.70000E+00
 0.70000E+00 0.80000E+00 0.00000E+00 0.10100E+00 0.16788E-01 0.20656E-01 0.14523E+00 0.12713E+00 0.00000E+00 0.00000E+00 -.15567E+01      5456197   1/0.80000E+00
 0.80000E+00 0.90000E+00 0.00000E+00 0.39000E-01 0.84057E-02 0.99194E-02 0.43056E-01 0.37690E-01 0.00000E+00 0.00000E+00 0.15582E+00      5456197   1/0.90000E+00
       70726
 E615-6                                                                          
Plot1@Experiment:E615 #sqrt{#tau}#in(0.323:0.346)@XTitle: x_{F} @YTitle:#frac{d#sigma}{dx_{F}d#sqrt{#tau}}
 xf_low      xf_high     dummy          data      +- uncor     +- tot     th orig         th mod   therr+         therr-     pull    iset       iplot
 -.20000E+00 -.10000E+00 0.00000E+00 0.38800E+00 0.68064E-01 0.10475E+00 0.23748E+00 0.20789E+00 0.00000E+00 0.00000E+00 0.26462E+01        70726   1/-.10000E+00
 -.10000E+00 0.00000E+00 0.00000E+00 0.28100E+00 0.60300E-01 0.70954E-01 0.31447E+00 0.27528E+00 0.00000E+00 0.00000E+00 0.94788E-01        70726   1/0.00000E+00
 0.00000E+00 0.10000E+00 0.00000E+00 0.36600E+00 0.55804E-01 0.77808E-01 0.37678E+00 0.32983E+00 0.00000E+00 0.00000E+00 0.64825E+00        70726   1/0.10000E+00
 0.10000E+00 0.20000E+00 0.00000E+00 0.40000E+00 0.52696E-01 0.79511E-01 0.41078E+00 0.35958E+00 0.00000E+00 0.00000E+00 0.76695E+00        70726   1/0.20000E+00
 0.20000E+00 0.30000E+00 0.00000E+00 0.41500E+00 0.48917E-01 0.79344E-01 0.41359E+00 0.36205E+00 0.00000E+00 0.00000E+00 0.10825E+01        70726   1/0.30000E+00
 0.30000E+00 0.40000E+00 0.00000E+00 0.32100E+00 0.43783E-01 0.62690E-01 0.38459E+00 0.33666E+00 0.00000E+00 0.00000E+00 -.35763E+00        70726   1/0.40000E+00
 0.40000E+00 0.50000E+00 0.00000E+00 0.29000E+00 0.38319E-01 0.56549E-01 0.32856E+00 0.28762E+00 0.00000E+00 0.00000E+00 0.62193E-01        70726   1/0.50000E+00
 0.50000E+00 0.60000E+00 0.00000E+00 0.18800E+00 0.31615E-01 0.39093E-01 0.25776E+00 0.22564E+00 0.00000E+00 0.00000E+00 -.11905E+01        70726   1/0.60000E+00
 0.60000E+00 0.70000E+00 0.00000E+00 0.14100E+00 0.24545E-01 0.30554E-01 0.17551E+00 0.15364E+00 0.00000E+00 0.00000E+00 -.51478E+00        70726   1/0.70000E+00
 0.70000E+00 0.80000E+00 0.00000E+00 0.89000E-01 0.15531E-01 0.20103E-01 0.95411E-01 0.83521E-01 0.00000E+00 0.00000E+00 0.35279E+00        70726   1/0.80000E+00
 0.80000E+00 0.90000E+00 0.00000E+00 0.15000E-01 0.62215E-02 0.54852E-02 0.23224E-01 0.20330E-01 0.00000E+00 0.00000E+00 -.85673E+00        70726   1/0.90000E+00
     4685255
 E615-7                                                                          
Plot1@Experiment:E615 #sqrt{#tau}#in(0.346:0.369)@XTitle: x_{F} @YTitle:#frac{d#sigma}{dx_{F}d#sqrt{#tau}}
 xf_low      xf_high     dummy          data      +- uncor     +- tot     th orig         th mod   therr+         therr-     pull    iset       iplot
 -.20000E+00 -.10000E+00 0.00000E+00 0.18100E+00 0.47132E-01 0.57808E-01 0.15458E+00 0.13532E+00 0.00000E+00 0.00000E+00 0.96922E+00      4685255   1/-.10000E+00
 -.10000E+00 0.00000E+00 0.00000E+00 0.20000E+00 0.44806E-01 0.53297E-01 0.20740E+00 0.18155E+00 0.00000E+00 0.00000E+00 0.41174E+00      4685255   1/0.00000E+00
 0.00000E+00 0.10000E+00 0.00000E+00 0.21200E+00 0.40383E-01 0.48840E-01 0.25254E+00 0.22107E+00 0.00000E+00 0.00000E+00 -.22455E+00      4685255   1/0.10000E+00
 0.10000E+00 0.20000E+00 0.00000E+00 0.23700E+00 0.39064E-01 0.50657E-01 0.27906E+00 0.24428E+00 0.00000E+00 0.00000E+00 -.18635E+00      4685255   1/0.20000E+00
 0.20000E+00 0.30000E+00 0.00000E+00 0.33100E+00 0.41687E-01 0.67101E-01 0.28406E+00 0.24866E+00 0.00000E+00 0.00000E+00 0.19753E+01      4685255   1/0.30000E+00
 0.30000E+00 0.40000E+00 0.00000E+00 0.27700E+00 0.36301E-01 0.55714E-01 0.26663E+00 0.23340E+00 0.00000E+00 0.00000E+00 0.12010E+01      4685255   1/0.40000E+00
 0.40000E+00 0.50000E+00 0.00000E+00 0.27900E+00 0.31774E-01 0.54637E-01 0.22994E+00 0.20128E+00 0.00000E+00 0.00000E+00 0.24459E+01      4685255   1/0.50000E+00
 0.50000E+00 0.60000E+00 0.00000E+00 0.17000E+00 0.25700E-01 0.35756E-01 0.17965E+00 0.15727E+00 0.00000E+00 0.00000E+00 0.49548E+00      4685255   1/0.60000E+00
 0.60000E+00 0.70000E+00 0.00000E+00 0.11700E+00 0.19315E-01 0.25895E-01 0.12091E+00 0.10584E+00 0.00000E+00 0.00000E+00 0.57773E+00      4685255   1/0.70000E+00
 0.70000E+00 0.80000E+00 0.00000E+00 0.75000E-01 0.12754E-01 0.17978E-01 0.62241E-01 0.54485E-01 0.00000E+00 0.00000E+00 0.16086E+01      4685255   1/0.80000E+00
 0.80000E+00 0.90000E+00 0.00000E+00 0.14000E-01 0.44621E-02 0.54251E-02 0.11150E-01 0.97602E-02 0.00000E+00 0.00000E+00 0.95019E+00      4685255   1/0.90000E+00
     9299784
 E615-8                                                                          
Plot1@Experiment:E615 #sqrt{#tau}#in(0.369:0.392)@XTitle: x_{F} @YTitle:#frac{d#sigma}{dx_{F}d#sqrt{#tau}}
 xf_low      xf_high     dummy          data      +- uncor     +- tot     th orig         th mod   therr+         therr-     pull    iset       iplot
 -.20000E+00 -.10000E+00 0.00000E+00 0.73000E-01 0.41202E-01 0.36681E-01 0.10116E+00 0.88556E-01 0.00000E+00 0.00000E+00 -.37755E+00      9299784   1/-.10000E+00
 -.10000E+00 0.00000E+00 0.00000E+00 0.16400E+00 0.39467E-01 0.49570E-01 0.13815E+00 0.12094E+00 0.00000E+00 0.00000E+00 0.10911E+01      9299784   1/0.00000E+00
 0.00000E+00 0.10000E+00 0.00000E+00 0.19100E+00 0.35844E-01 0.47633E-01 0.16994E+00 0.14876E+00 0.00000E+00 0.00000E+00 0.11784E+01      9299784   1/0.10000E+00
 0.10000E+00 0.20000E+00 0.00000E+00 0.23200E+00 0.33550E-01 0.50854E-01 0.19075E+00 0.16698E+00 0.00000E+00 0.00000E+00 0.19379E+01      9299784   1/0.20000E+00
 0.20000E+00 0.30000E+00 0.00000E+00 0.21400E+00 0.31615E-01 0.46093E-01 0.19641E+00 0.17194E+00 0.00000E+00 0.00000E+00 0.13305E+01      9299784   1/0.30000E+00
 0.30000E+00 0.40000E+00 0.00000E+00 0.22500E+00 0.30870E-01 0.47966E-01 0.18549E+00 0.16237E+00 0.00000E+00 0.00000E+00 0.20288E+01      9299784   1/0.40000E+00
 0.40000E+00 0.50000E+00 0.00000E+00 0.13400E+00 0.24135E-01 0.29833E-01 0.16127E+00 0.14117E+00 0.00000E+00 0.00000E+00 -.29706E+00      9299784   1/0.50000E+00
 0.50000E+00 0.60000E+00 0.00000E+00 0.11600E+00 0.20754E-01 0.26538E-01 0.12492E+00 0.10935E+00 0.00000E+00 0.00000E+00 0.32044E+00      9299784   1/0.60000E+00
 0.60000E+00 0.70000E+00 0.00000E+00 0.10000E+00 0.17200E-01 0.24231E-01 0.81949E-01 0.71736E-01 0.00000E+00 0.00000E+00 0.16432E+01      9299784   1/0.70000E+00
 0.70000E+00 0.80000E+00 0.00000E+00 0.45000E-01 0.10180E-01 0.12915E-01 0.38542E-01 0.33739E-01 0.00000E+00 0.00000E+00 0.11062E+01      9299784   1/0.80000E+00
 0.80000E+00 0.90000E+00 0.00000E+00 0.50000E-02 0.29227E-02 0.30928E-02 0.47458E-02 0.41544E-02 0.00000E+00 0.00000E+00 0.28933E+00      9299784   1/0.90000E+00
     3914313
 E615-9                                                                          
Plot1@Experiment:E615 #sqrt{#tau}#in(0.392:0.415)@XTitle: x_{F} @YTitle:#frac{d#sigma}{dx_{F}d#sqrt{#tau}}
 xf_low      xf_high     dummy          data      +- uncor     +- tot     th orig         th mod   therr+         therr-     pull    iset       iplot
 -.10000E+00 0.00000E+00 0.00000E+00 0.69000E-01 0.30031E-01 0.27994E-01 0.92053E-01 0.80581E-01 0.00000E+00 0.00000E+00 -.38565E+00      3914313   1/0.00000E+00
 0.00000E+00 0.10000E+00 0.00000E+00 0.13100E+00 0.30016E-01 0.37577E-01 0.11526E+00 0.10089E+00 0.00000E+00 0.00000E+00 0.10030E+01      3914313   1/0.10000E+00
 0.10000E+00 0.20000E+00 0.00000E+00 0.16000E+00 0.26183E-01 0.37681E-01 0.13042E+00 0.11417E+00 0.00000E+00 0.00000E+00 0.17504E+01      3914313   1/0.20000E+00
 0.20000E+00 0.30000E+00 0.00000E+00 0.15400E+00 0.26242E-01 0.36336E-01 0.13527E+00 0.11841E+00 0.00000E+00 0.00000E+00 0.13563E+01      3914313   1/0.30000E+00
 0.30000E+00 0.40000E+00 0.00000E+00 0.15100E+00 0.24075E-01 0.34520E-01 0.12947E+00 0.11334E+00 0.00000E+00 0.00000E+00 0.15645E+01      3914313   1/0.40000E+00
 0.40000E+00 0.50000E+00 0.00000E+00 0.12500E+00 0.20830E-01 0.28937E-01 0.11206E+00 0.98097E-01 0.00000E+00 0.00000E+00 0.12915E+01      3914313   1/0.50000E+00
 0.50000E+00 0.60000E+00 0.00000E+00 0.11300E+00 0.19244E-01 0.27798E-01 0.86464E-01 0.75689E-01 0.00000E+00 0.00000E+00 0.19388E+01      3914313   1/0.60000E+00
 0.60000E+00 0.70000E+00 0.00000E+00 0.60000E-01 0.12483E-01 0.15824E-01 0.55324E-01 0.48429E-01 0.00000E+00 0.00000E+00 0.92692E+00      3914313   1/0.70000E+00
 0.70000E+00 0.80000E+00 0.00000E+00 0.31000E-01 0.77451E-02 0.10136E-01 0.22958E-01 0.20097E-01 0.00000E+00 0.00000E+00 0.14078E+01      3914313   1/0.80000E+00
 0.80000E+00 0.90000E+00 0.00000E+00 0.30000E-02 0.14380E-02 0.20502E-02 0.15509E-02 0.13576E-02 0.00000E+00 0.00000E+00 0.11421E+01      3914313   1/0.90000E+00
     8290132
 E615-13                                                                         
Plot1@Experiment:E615 #sqrt{#tau}#in(0.484:0.507)@XTitle: x_{F} @YTitle:#frac{d#sigma}{dx_{F}d#sqrt{#tau}}
 xf_low      xf_high     dummy          data      +- uncor     +- tot     th orig         th mod   therr+         therr-     pull    iset       iplot
 -.10000E+00 0.00000E+00 0.00000E+00 0.11400E-01 0.14981E-01 0.11924E-01 0.18376E-01 0.16086E-01 0.00000E+00 0.00000E+00 -.31277E+00      8290132   1/0.00000E+00
 0.00000E+00 0.10000E+00 0.00000E+00 0.28900E-01 0.14314E-01 0.16194E-01 0.24332E-01 0.21300E-01 0.00000E+00 0.00000E+00 0.53094E+00      8290132   1/0.10000E+00
 0.10000E+00 0.20000E+00 0.00000E+00 0.85300E-01 0.16280E-01 0.30798E-01 0.28835E-01 0.25241E-01 0.00000E+00 0.00000E+00 0.36892E+01      8290132   1/0.20000E+00
 0.20000E+00 0.30000E+00 0.00000E+00 0.35200E-01 0.12099E-01 0.13944E-01 0.30965E-01 0.27106E-01 0.00000E+00 0.00000E+00 0.66894E+00      8290132   1/0.30000E+00
 0.30000E+00 0.40000E+00 0.00000E+00 0.87900E-01 0.15745E-01 0.30062E-01 0.29890E-01 0.26165E-01 0.00000E+00 0.00000E+00 0.39211E+01      8290132   1/0.40000E+00
 0.40000E+00 0.50000E+00 0.00000E+00 0.37800E-01 0.10757E-01 0.14372E-01 0.25105E-01 0.21976E-01 0.00000E+00 0.00000E+00 0.14709E+01      8290132   1/0.50000E+00
 0.50000E+00 0.60000E+00 0.00000E+00 0.13400E-01 0.75335E-02 0.68052E-02 0.18000E-01 0.15757E-01 0.00000E+00 0.00000E+00 -.31285E+00      8290132   1/0.60000E+00
 0.60000E+00 0.70000E+00 0.00000E+00 0.10700E-01 0.61590E-02 0.70851E-02 0.85252E-02 0.74628E-02 0.00000E+00 0.00000E+00 0.52560E+00      8290132   1/0.70000E+00
     2839125
 E615-14                                                                         
Plot1@Experiment:E615 #sqrt{#tau}#in(0.507:0.53)@XTitle: x_{F} @YTitle:#frac{d#sigma}{dx_{F}d#sqrt{#tau}}
 xf_low      xf_high     dummy          data      +- uncor     +- tot     th orig         th mod   therr+         therr-     pull    iset       iplot
 0.00000E+00 0.10000E+00 0.00000E+00 0.30800E-01 0.14562E-01 0.20529E-01 0.16328E-01 0.14293E-01 0.00000E+00 0.00000E+00 0.11336E+01      2839125   1/0.10000E+00
 0.10000E+00 0.20000E+00 0.00000E+00 0.69700E-01 0.13844E-01 0.28126E-01 0.19609E-01 0.17166E-01 0.00000E+00 0.00000E+00 0.37948E+01      2839125   1/0.20000E+00
 0.20000E+00 0.30000E+00 0.00000E+00 0.27100E-01 0.10723E-01 0.12863E-01 0.20936E-01 0.18327E-01 0.00000E+00 0.00000E+00 0.81813E+00      2839125   1/0.30000E+00
 0.30000E+00 0.40000E+00 0.00000E+00 0.21800E-01 0.94153E-02 0.10239E-01 0.20539E-01 0.17979E-01 0.00000E+00 0.00000E+00 0.40579E+00      2839125   1/0.40000E+00
 0.40000E+00 0.50000E+00 0.00000E+00 0.20800E-01 0.79277E-02 0.93393E-02 0.16881E-01 0.14777E-01 0.00000E+00 0.00000E+00 0.75972E+00      2839125   1/0.50000E+00
 0.50000E+00 0.60000E+00 0.00000E+00 0.99000E-02 0.58167E-02 0.56015E-02 0.11487E-01 0.10055E-01 0.00000E+00 0.00000E+00 -.26698E-01      2839125   1/0.60000E+00
 0.60000E+00 0.70000E+00 0.00000E+00 0.90000E-02 0.44505E-02 0.62483E-02 0.47907E-02 0.41937E-02 0.00000E+00 0.00000E+00 0.10799E+01      2839125   1/0.70000E+00
     7388118
 E615-15                                                                         
Plot1@Experiment:E615 #sqrt{#tau}#in(0.53:0.553)@XTitle: x_{F} @YTitle:#frac{d#sigma}{dx_{F}d#sqrt{#tau}}
 xf_low      xf_high     dummy          data      +- uncor     +- tot     th orig         th mod   therr+         therr-     pull    iset       iplot
 -.10000E+00 0.00000E+00 0.00000E+00 0.14200E-01 0.11590E-01 0.15448E-01 0.81479E-02 0.71325E-02 0.00000E+00 0.00000E+00 0.60981E+00      7388118   1/0.00000E+00
 0.00000E+00 0.10000E+00 0.00000E+00 0.10900E-01 0.11590E-01 0.11616E-01 0.11072E-01 0.96919E-02 0.00000E+00 0.00000E+00 0.10423E+00      7388118   1/0.10000E+00
 0.10000E+00 0.20000E+00 0.00000E+00 0.57000E-02 0.87875E-02 0.58630E-02 0.13084E-01 0.11454E-01 0.00000E+00 0.00000E+00 -.65476E+00      7388118   1/0.20000E+00
 0.20000E+00 0.30000E+00 0.00000E+00 0.60000E-02 0.96116E-02 0.62653E-02 0.14420E-01 0.12623E-01 0.00000E+00 0.00000E+00 -.68904E+00      7388118   1/0.30000E+00
 0.30000E+00 0.40000E+00 0.00000E+00 0.17300E-01 0.69158E-02 0.82224E-02 0.13600E-01 0.11905E-01 0.00000E+00 0.00000E+00 0.78004E+00      7388118   1/0.40000E+00
 0.40000E+00 0.50000E+00 0.00000E+00 0.12800E-01 0.75966E-02 0.83256E-02 0.11258E-01 0.98554E-02 0.00000E+00 0.00000E+00 0.38762E+00      7388118   1/0.50000E+00
 0.50000E+00 0.60000E+00 0.00000E+00 0.47000E-02 0.42936E-02 0.35706E-02 0.70729E-02 0.61915E-02 0.00000E+00 0.00000E+00 -.34738E+00      7388118   1/0.60000E+00
 0.60000E+00 0.70000E+00 0.00000E+00 0.55000E-02 0.29309E-02 0.45754E-02 0.23332E-02 0.20424E-02 0.00000E+00 0.00000E+00 0.11797E+01      7388118   1/0.70000E+00
     1937111
 E615-16                                                                         
Plot1@Experiment:E615 #sqrt{#tau}#in(0.553:0.576)@XTitle: x_{F} @YTitle:#frac{d#sigma}{dx_{F}d#sqrt{#tau}}
 xf_low      xf_high     dummy          data      +- uncor     +- tot     th orig         th mod   therr+         therr-     pull    iset       iplot
 0.00000E+00 0.10000E+00 0.00000E+00 0.30700E-01 0.10316E-01 0.21697E-01 0.72691E-02 0.63632E-02 0.00000E+00 0.00000E+00 0.23592E+01      1937111   1/0.10000E+00
 0.10000E+00 0.20000E+00 0.00000E+00 0.17900E-01 0.98289E-02 0.14256E-01 0.88228E-02 0.77233E-02 0.00000E+00 0.00000E+00 0.10354E+01      1937111   1/0.20000E+00
 0.20000E+00 0.30000E+00 0.00000E+00 0.11100E-01 0.78323E-02 0.85642E-02 0.96504E-02 0.84478E-02 0.00000E+00 0.00000E+00 0.33863E+00      1937111   1/0.30000E+00
 0.30000E+00 0.40000E+00 0.00000E+00 0.52000E-02 0.71383E-02 0.54563E-02 0.90867E-02 0.79543E-02 0.00000E+00 0.00000E+00 -.38585E+00      1937111   1/0.40000E+00
 0.40000E+00 0.50000E+00 0.00000E+00 0.12000E-01 0.52116E-02 0.69388E-02 0.72605E-02 0.63557E-02 0.00000E+00 0.00000E+00 0.10830E+01      1937111   1/0.50000E+00
 0.50000E+00 0.60000E+00 0.00000E+00 0.28000E-02 0.36212E-02 0.29304E-02 0.43659E-02 0.38219E-02 0.00000E+00 0.00000E+00 -.28218E+00      1937111   1/0.60000E+00
     6486104
 E615-17                                                                         
Plot1@Experiment:E615 #sqrt{#tau}#in(0.576:0.599)@XTitle: x_{F} @YTitle:#frac{d#sigma}{dx_{F}d#sqrt{#tau}}
 xf_low      xf_high     dummy          data      +- uncor     +- tot     th orig         th mod   therr+         therr-     pull    iset       iplot
 0.00000E+00 0.10000E+00 0.00000E+00 0.14100E-01 0.92187E-02 0.15942E-01 0.48000E-02 0.42018E-02 0.00000E+00 0.00000E+00 0.10737E+01      6486104   1/0.10000E+00
 0.10000E+00 0.20000E+00 0.00000E+00 0.22000E-01 0.94920E-02 0.18695E-01 0.58546E-02 0.51250E-02 0.00000E+00 0.00000E+00 0.17778E+01      6486104   1/0.20000E+00
 0.20000E+00 0.30000E+00 0.00000E+00 0.13900E-01 0.76183E-02 0.11393E-01 0.64312E-02 0.56298E-02 0.00000E+00 0.00000E+00 0.10856E+01      6486104   1/0.30000E+00
 0.30000E+00 0.40000E+00 0.00000E+00 0.14100E-01 0.61099E-02 0.96362E-02 0.59570E-02 0.52146E-02 0.00000E+00 0.00000E+00 0.14543E+01      6486104   1/0.40000E+00
 0.40000E+00 0.50000E+00 0.00000E+00 0.25200E-01 0.73227E-02 0.17417E-01 0.46757E-02 0.40930E-02 0.00000E+00 0.00000E+00 0.28824E+01      6486104   1/0.50000E+00
 0.50000E+00 0.60000E+00 0.00000E+00 0.24000E-02 0.24933E-02 0.25259E-02 0.23872E-02 0.20897E-02 0.00000E+00 0.00000E+00 0.12446E+00      6486104   1/0.60000E+00
     8884129
 F2pi effective data                                                             
Plot1@Experiment:Leading Neutron  DIS@ExtraLabel:#mu beam energy E = 100 GeV @XTitle: x @YTitle: F_{2}(x, Q^{2})@Title:Q^{2} = 7.3  @Ymin:0.1@Ymax:1.@Xlog@Ylog
Plot2@Experiment:Leading Neutron  DIS@ExtraLabel:#mu beam energy E = 100 GeV @XTitle: x @YTitle: F_{2}(x, Q^{2})@Title:Q^{2} = 11  @Ymin:0.1@Ymax:1.@Xlog@Ylog
Plot3@Experiment:Leading Neutron  DIS@ExtraLabel:#mu beam energy E = 100 GeV @XTitle: x @YTitle: F_{2}(x, Q^{2})@Title:Q^{2} = 16  @Ymin:0.1@Ymax:1.@Xlog@Ylog
Plot4@Experiment:Leading Neutron  DIS@ExtraLabel:#mu beam energy E = 100 GeV @XTitle: x @YTitle: F_{2}(x, Q^{2})@Title:Q^{2} = 24  @Ymin:0.1@Ymax:1.@Xlog@Ylog
Plot5@Experiment:Leading Neutron  DIS@ExtraLabel:#mu beam energy E = 100 GeV @XTitle: x @YTitle: F_{2}(x, Q^{2})@Title:Q^{2} = 37  @Ymin:0.1@Ymax:1.@Xlog@Ylog
Plot6@Experiment:Leading Neutron  DIS@ExtraLabel:#mu beam energy E = 100 GeV @XTitle: x @YTitle: F_{2}(x, Q^{2})@Title:Q^{2} = 55  @Ymin:0.1@Ymax:1.@Xlog@Ylog
Plot7@Experiment:Leading Neutron  DIS@ExtraLabel:#mu beam energy E = 100 GeV @XTitle: x @YTitle: F_{2}(x, Q^{2})@Title:Q^{2} = 82  @Ymin:0.1@Ymax:1.@Xlog@Ylog
 Q2          x           y              data      +- uncor     +- tot     th orig         th mod   therr+         therr-     pull    iset       iplot
 0.73000E+01 0.81600E-03 0.00000E+00 0.41900E+00 0.12686E+00 0.12905E+00 0.40489E+00 0.40489E+00 0.00000E+00 0.00000E+00 0.11122E+00      8884129 999/0.81600E-03
 0.73000E+01 0.17400E-02 0.00000E+00 0.37800E+00 0.10542E+00 0.11680E+00 0.30793E+00 0.30793E+00 0.00000E+00 0.00000E+00 0.66461E+00      8884129 999/0.17400E-02
 0.73000E+01 0.37100E-02 0.00000E+00 0.31000E+00 0.85320E-01 0.95790E-01 0.24594E+00 0.24594E+00 0.00000E+00 0.00000E+00 0.75085E+00      8884129 999/0.37100E-02
 0.73000E+01 0.79000E-02 0.00000E+00 0.26000E+00 0.73656E-01 0.80860E-01 0.21573E+00 0.21573E+00 0.00000E+00 0.00000E+00 0.60098E+00      8884129 999/0.79000E-02
 0.11000E+02 0.81600E-03 0.00000E+00 0.52800E+00 0.16474E+00 0.16421E+00 0.53141E+00 0.53141E+00 0.00000E+00 0.00000E+00 -.20682E-01      8884129   1/0.81600E-03
 0.11000E+02 0.17400E-02 0.00000E+00 0.42800E+00 0.12700E+00 0.13182E+00 0.39724E+00 0.39724E+00 0.00000E+00 0.00000E+00 0.24219E+00      8884129   1/0.17400E-02
 0.11000E+02 0.37100E-02 0.00000E+00 0.37000E+00 0.10464E+00 0.11470E+00 0.30792E+00 0.30792E+00 0.00000E+00 0.00000E+00 0.59331E+00      8884129   1/0.37100E-02
 0.11000E+02 0.79000E-02 0.00000E+00 0.31500E+00 0.88049E-01 0.97335E-01 0.25776E+00 0.25776E+00 0.00000E+00 0.00000E+00 0.65005E+00      8884129   1/0.79000E-02
 0.11000E+02 0.16800E-01 0.00000E+00 0.23000E+00 0.73225E-01 0.71300E-01 0.24259E+00 0.24259E+00 0.00000E+00 0.00000E+00 -.17194E+00      8884129   1/0.16800E-01
 0.16000E+02 0.17400E-02 0.00000E+00 0.53200E+00 0.15738E+00 0.16545E+00 0.48137E+00 0.48137E+00 0.00000E+00 0.00000E+00 0.32170E+00      8884129   2/0.17400E-02
 0.16000E+02 0.37100E-02 0.00000E+00 0.42700E+00 0.12292E+00 0.13280E+00 0.36584E+00 0.36584E+00 0.00000E+00 0.00000E+00 0.49752E+00      8884129   2/0.37100E-02
 0.16000E+02 0.79000E-02 0.00000E+00 0.36400E+00 0.10221E+00 0.11320E+00 0.29673E+00 0.29673E+00 0.00000E+00 0.00000E+00 0.65811E+00      8884129   2/0.79000E-02
 0.16000E+02 0.16800E-01 0.00000E+00 0.28300E+00 0.85342E-01 0.87730E-01 0.26780E+00 0.26780E+00 0.00000E+00 0.00000E+00 0.17805E+00      8884129   2/0.16800E-01
 0.24000E+02 0.17400E-02 0.00000E+00 0.58900E+00 0.18370E+00 0.18612E+00 0.57374E+00 0.57374E+00 0.00000E+00 0.00000E+00 0.83058E-01      8884129   3/0.17400E-02
 0.24000E+02 0.37100E-02 0.00000E+00 0.46400E+00 0.13964E+00 0.14523E+00 0.42893E+00 0.42893E+00 0.00000E+00 0.00000E+00 0.25118E+00      8884129   3/0.37100E-02
 0.24000E+02 0.79000E-02 0.00000E+00 0.35400E+00 0.10840E+00 0.11080E+00 0.33884E+00 0.33884E+00 0.00000E+00 0.00000E+00 0.13984E+00      8884129   3/0.79000E-02
 0.24000E+02 0.16800E-01 0.00000E+00 0.31600E+00 0.95834E-01 0.99224E-01 0.29478E+00 0.29478E+00 0.00000E+00 0.00000E+00 0.22147E+00      8884129   3/0.16800E-01
 0.24000E+02 0.35900E-01 0.00000E+00 0.25600E+00 0.86515E-01 0.81920E-01 0.28553E+00 0.28553E+00 0.00000E+00 0.00000E+00 -.34127E+00      8884129   3/0.35900E-01
 0.37000E+02 0.37100E-02 0.00000E+00 0.46700E+00 0.15115E+00 0.14664E+00 0.49619E+00 0.49619E+00 0.00000E+00 0.00000E+00 -.19310E+00      8884129   4/0.37100E-02
 0.37000E+02 0.79000E-02 0.00000E+00 0.41000E+00 0.12567E+00 0.12997E+00 0.38333E+00 0.38333E+00 0.00000E+00 0.00000E+00 0.21224E+00      8884129   4/0.79000E-02
 0.37000E+02 0.16800E-01 0.00000E+00 0.34400E+00 0.10496E+00 0.10836E+00 0.32278E+00 0.32278E+00 0.00000E+00 0.00000E+00 0.20219E+00      8884129   4/0.16800E-01
 0.37000E+02 0.35900E-01 0.00000E+00 0.25200E+00 0.87088E-01 0.79632E-01 0.30140E+00 0.30140E+00 0.00000E+00 0.00000E+00 -.56727E+00      8884129   4/0.35900E-01
 0.55000E+02 0.79000E-02 0.00000E+00 0.40600E+00 0.13302E+00 0.13033E+00 0.42298E+00 0.42298E+00 0.00000E+00 0.00000E+00 -.12768E+00      8884129   5/0.79000E-02
 0.55000E+02 0.16800E-01 0.00000E+00 0.37400E+00 0.11573E+00 0.12005E+00 0.34757E+00 0.34757E+00 0.00000E+00 0.00000E+00 0.22837E+00      8884129   5/0.16800E-01
 0.55000E+02 0.35900E-01 0.00000E+00 0.25400E+00 0.91395E-01 0.82042E-01 0.31522E+00 0.31522E+00 0.00000E+00 0.00000E+00 -.66979E+00      8884129   5/0.35900E-01
 0.55000E+02 0.76500E-01 0.00000E+00 0.22700E+00 0.85721E-01 0.74683E-01 0.29906E+00 0.29906E+00 0.00000E+00 0.00000E+00 -.84063E+00      8884129   5/0.76500E-01
 0.82000E+02 0.16800E-01 0.00000E+00 0.36100E+00 0.12049E+00 0.11877E+00 0.37156E+00 0.37156E+00 0.00000E+00 0.00000E+00 -.87656E-01      8884129   6/0.16800E-01
 0.82000E+02 0.35900E-01 0.00000E+00 0.27100E+00 0.99036E-01 0.89972E-01 0.32835E+00 0.32835E+00 0.00000E+00 0.00000E+00 -.57912E+00      8884129   6/0.35900E-01
 0.82000E+02 0.76500E-01 0.00000E+00 0.33300E+00 0.10564E+00 0.11056E+00 0.30403E+00 0.30403E+00 0.00000E+00 0.00000E+00 0.27423E+00      8884129   6/0.76500E-01
