    1   'Ag'    1.000000    0.000000
    2   'As'    9.342933    7.220164
    3   'Av'    1.000000    0.000000
    4   'ZERO'    0.000000    0.000000
    5   'delBg'    0.000012    0.197287
    6   'delBs'   -0.000008    0.280749
    7   'delBv'   -0.000002    0.026878
    8   'delCg'   -0.000053    1.652073
    9   'delCs'   -0.000054    1.640336
   10   'delCv'    0.000002    0.024401
   11   'delDg'    0.000000    0.000000
   12   'delDs'    0.000000    0.000000
   13   'delDv'    0.000000    0.000000
   14   'delEg'    0.000000    0.000000
   15   'delEs'    0.000000    0.000000
   16   'delEv'    0.000000    0.000000
   17   'gifl'    0.000000    0.000000
   18   'sifl'    1.000000    0.000000
   19   'vifl'    2.000000    0.000000
