
COVARIANCE MATRIX 
                       Adbar           Agp         Bdbar           Bdv            Bg           Bgp           Buv         Cdbar           Cdv            Cg         Cubar           Cuv         Dubar           Euv      proc_had
         Adbar     2.883e-05      0.001316     2.261e-05     0.0001158    -0.0007424     0.0004609     4.804e-05      0.002524     0.0004844     -0.003353      0.000303    -6.668e-05     -0.001858     -0.002325    -0.0002145
           Agp      0.001316        0.3068      0.001171      0.009117       -0.1569        0.1125      0.005425     0.0001371       0.03598       -0.4954        0.1562     -0.008784       0.09838       -0.2642      -0.03799
         Bdbar     2.261e-05      0.001171     1.904e-05     8.304e-05    -0.0006704     0.0004023     3.169e-05      0.001992     0.0003617     -0.003068     4.076e-05    -5.304e-05     -0.001725     -0.001677    -0.0001344
           Bdv     0.0001158      0.009117     8.304e-05       0.00551     -0.004368       0.00356      0.000739        0.0661       0.02028      -0.01521        0.1083    -0.0001083        0.1285      -0.01579     0.0003912
            Bg    -0.0007424       -0.1569    -0.0006704     -0.004368       0.08148      -0.05678     -0.002475      -0.01293      -0.01796        0.2693      -0.06914      0.004352      -0.03386        0.1253       0.01882
           Bgp     0.0004609        0.1125     0.0004023       0.00356      -0.05678       0.04174      0.002164     -0.005066        0.0138       -0.1733       0.05902      -0.00338       0.03797       -0.1038      -0.01449
           Buv     4.804e-05      0.005425     3.169e-05      0.000739     -0.002475      0.002164     0.0004991      0.004615      0.001879     -0.005292       0.03009    -5.496e-05       0.03031      -0.01565    -0.0007283
         Cdbar      0.002524     0.0001371      0.001992        0.0661      -0.01293     -0.005066      0.004615         2.122        0.2484       -0.3482        0.9403     -0.005393         1.217       -0.1258       0.04154
           Cdv     0.0004844       0.03598     0.0003617       0.02028      -0.01796        0.0138      0.001879        0.2484       0.09054      -0.07857        0.2322     -0.003489        0.2546      -0.06605        0.0021
            Cg     -0.003353       -0.4954     -0.003068      -0.01521        0.2693       -0.1733     -0.005292       -0.3482      -0.07857         1.055        0.0377       0.01649        0.3085        0.3725       0.04875
         Cubar      0.000303        0.1562     4.076e-05        0.1083      -0.06914       0.05902       0.03009        0.9403        0.2322        0.0377         6.218       0.08004         7.928        0.3225      -0.04489
           Cuv    -6.668e-05     -0.008784    -5.304e-05    -0.0001083      0.004352      -0.00338    -5.496e-05     -0.005393     -0.003489       0.01649       0.08004      0.004376        0.1094       0.04926    -0.0007964
         Dubar     -0.001858       0.09838     -0.001725        0.1285      -0.03386       0.03797       0.03031         1.217        0.2546        0.3085         7.928        0.1094         10.54        0.7945      -0.05438
           Euv     -0.002325       -0.2642     -0.001677      -0.01579        0.1253       -0.1038      -0.01565       -0.1258      -0.06605        0.3725        0.3225       0.04926        0.7945         1.082       0.01237
      proc_had    -0.0002145      -0.03799    -0.0001344     0.0003912       0.01882      -0.01449    -0.0007283       0.04154        0.0021       0.04875      -0.04489    -0.0007964      -0.05438       0.01237        0.1583

CORRELATION MATRIX 
                       Adbar           Agp         Bdbar           Bdv            Bg           Bgp           Buv         Cdbar           Cdv            Cg         Cubar           Cuv         Dubar           Euv      proc_had
         Adbar             1        0.4425        0.9652        0.2906       -0.4844        0.4202        0.4005        0.3226        0.2998       -0.6079       0.02263       -0.1877       -0.1065       -0.4162       -0.1004
           Agp        0.4425             1        0.4844        0.2217       -0.9923         0.994        0.4384     0.0001699        0.2159       -0.8708        0.1131       -0.2397        0.0547       -0.4586       -0.1724
         Bdbar        0.9652        0.4844             1        0.2564       -0.5383        0.4513        0.3251        0.3133        0.2755       -0.6844      0.003746       -0.1837       -0.1218       -0.3694      -0.07741
           Bdv        0.2906        0.2217        0.2564             1       -0.2061        0.2347        0.4457        0.6112         0.908       -0.1995        0.5852      -0.02205        0.5332       -0.2045       0.01325
            Bg       -0.4844       -0.9923       -0.5383       -0.2061             1       -0.9737       -0.3882       -0.0311       -0.2091        0.9186      -0.09713        0.2305      -0.03653         0.422        0.1657
           Bgp        0.4202         0.994        0.4513        0.2347       -0.9737             1        0.4741      -0.01702        0.2245       -0.8259        0.1159       -0.2501       0.05724       -0.4886       -0.1783
           Buv        0.4005        0.4384        0.3251        0.4457       -0.3882        0.4741             1        0.1418        0.2795       -0.2306        0.5401      -0.03719        0.4179       -0.6736      -0.08194
         Cdbar        0.3226     0.0001699        0.3133        0.6112       -0.0311      -0.01702        0.1418             1        0.5667       -0.2327        0.2588      -0.05596        0.2572      -0.08303       0.07166
           Cdv        0.2998        0.2159        0.2755         0.908       -0.2091        0.2245        0.2795        0.5667             1       -0.2542        0.3095       -0.1753        0.2606        -0.211       0.01754
            Cg       -0.6079       -0.8708       -0.6844       -0.1995        0.9186       -0.8259       -0.2306       -0.2327       -0.2542             1       0.01472        0.2427       0.09249        0.3486        0.1193
         Cubar       0.02263        0.1131      0.003746        0.5852      -0.09713        0.1159        0.5401        0.2588        0.3095       0.01472             1        0.4852        0.9792        0.1243      -0.04524
           Cuv       -0.1877       -0.2397       -0.1837      -0.02205        0.2305       -0.2501      -0.03719      -0.05596       -0.1753        0.2427        0.4852             1        0.5092        0.7158      -0.03026
         Dubar       -0.1065        0.0547       -0.1218        0.5332      -0.03653       0.05724        0.4179        0.2572        0.2606       0.09249        0.9792        0.5092             1        0.2352      -0.04209
           Euv       -0.4162       -0.4586       -0.3694       -0.2045         0.422       -0.4886       -0.6736      -0.08303        -0.211        0.3486        0.1243        0.7158        0.2352             1       0.02989
      proc_had       -0.1004       -0.1724      -0.07741       0.01325        0.1657       -0.1783      -0.08194       0.07166       0.01754        0.1193      -0.04524      -0.03026      -0.04209       0.02989             1
GLOBAL CORRELATION COEFFICIENT
    0          Adbar         0.9782
    1            Agp              1
    2          Bdbar         0.9848
    3            Bdv         0.9932
    4             Bg              1
    5            Bgp         0.9999
    6            Buv         0.9965
    7          Cdbar         0.9895
    8            Cdv         0.9852
    9             Cg         0.9994
   10          Cubar         0.9995
   11            Cuv         0.9841
   12          Dubar         0.9995
   13            Euv         0.9953
   14       proc_had         0.2895
