
COVARIANCE MATRIX 
                       Adbar           Agp         Bdbar           Bdv            Bg           Bgp           Buv         Cdbar           Cdv            Cg         Cubar           Cuv         Dubar           Euv
         Adbar     2.858e-05      0.001311     2.239e-05     0.0001147    -0.0007397     0.0004677     4.741e-05      0.002517     0.0004794     -0.003353     0.0003372    -6.543e-05     -0.001799     -0.002292
           Agp      0.001311        0.3181      0.001167      0.009178       -0.1628        0.1187      0.005476     -0.001599       0.03621       -0.5163        0.1653      -0.00887        0.1112       -0.2668
         Bdbar     2.239e-05      0.001167     1.884e-05     8.198e-05    -0.0006687     0.0004088     3.112e-05      0.001985     0.0003571      -0.00307     7.062e-05    -5.198e-05     -0.001674     -0.001648
           Bdv     0.0001147      0.009178     8.198e-05      0.005521       -0.0044      0.003643     0.0007416       0.06616       0.02033      -0.01534        0.1076    -0.0001017        0.1281      -0.01583
            Bg    -0.0007397       -0.1628    -0.0006687       -0.0044       0.08454      -0.05998     -0.002503      -0.01201      -0.01808        0.2802      -0.07398      0.004398       -0.0406        0.1266
           Bgp     0.0004677        0.1187     0.0004088      0.003643      -0.05998       0.04477      0.002219     -0.005699       0.01412       -0.1843        0.0634      -0.00347       0.04335       -0.1065
           Buv     4.741e-05      0.005476     3.112e-05     0.0007416     -0.002503      0.002219     0.0004996      0.004622      0.001888     -0.005398       0.03005     -5.16e-05       0.03041      -0.01565
         Cdbar      0.002517     -0.001599      0.001985       0.06616      -0.01201     -0.005699      0.004622         2.124        0.2487       -0.3458        0.9277      -0.00535         1.205       -0.1261
           Cdv     0.0004794       0.03621     0.0003571       0.02033      -0.01808       0.01412      0.001888        0.2487       0.09067      -0.07906         0.233     -0.003439        0.2568      -0.06576
            Cg     -0.003353       -0.5163      -0.00307      -0.01534        0.2802       -0.1843     -0.005398       -0.3458      -0.07906         1.094       0.01848       0.01668        0.2842        0.3777
         Cubar     0.0003372        0.1653     7.062e-05        0.1076      -0.07398        0.0634       0.03005        0.9277         0.233       0.01848         6.069       0.07854         7.758        0.2991
           Cuv    -6.543e-05      -0.00887    -5.198e-05    -0.0001017      0.004398      -0.00347     -5.16e-05      -0.00535     -0.003439       0.01668       0.07854      0.004363        0.1077       0.04898
         Dubar     -0.001799        0.1112     -0.001674        0.1281       -0.0406       0.04335       0.03041         1.205        0.2568        0.2842         7.758        0.1077         10.35        0.7644
           Euv     -0.002292       -0.2668     -0.001648      -0.01583        0.1266       -0.1065      -0.01565       -0.1261      -0.06576        0.3777        0.2991       0.04898        0.7644         1.079

CORRELATION MATRIX 
                       Adbar           Agp         Bdbar           Bdv            Bg           Bgp           Buv         Cdbar           Cdv            Cg         Cubar           Cuv         Dubar           Euv
         Adbar             1        0.4348        0.9649        0.2887       -0.4759        0.4135        0.3968        0.3231        0.2979       -0.5998        0.0256       -0.1853       -0.1046       -0.4128
           Agp        0.4348             1        0.4769         0.219       -0.9926        0.9944        0.4344     -0.001946        0.2132       -0.8753        0.1189       -0.2381        0.0613       -0.4554
         Bdbar        0.9649        0.4769             1        0.2542       -0.5299        0.4452        0.3209        0.3138        0.2733       -0.6764      0.006605       -0.1813       -0.1199       -0.3655
           Bdv        0.2887         0.219        0.2542             1       -0.2036        0.2317        0.4465         0.611        0.9085       -0.1975        0.5879      -0.02073        0.5359       -0.2052
            Bg       -0.4759       -0.9926       -0.5299       -0.2036             1        -0.975       -0.3851      -0.02835       -0.2065        0.9214       -0.1033         0.229       -0.0434        0.4193
           Bgp        0.4135        0.9944        0.4452        0.2317        -0.975             1        0.4692      -0.01848        0.2217       -0.8326        0.1216       -0.2483       0.06368       -0.4848
           Buv        0.3968        0.4344        0.3209        0.4465       -0.3851        0.4692             1        0.1419        0.2806       -0.2309        0.5457      -0.03495        0.4229        -0.674
         Cdbar        0.3231     -0.001946        0.3138         0.611      -0.02835      -0.01848        0.1419             1        0.5669       -0.2269        0.2584      -0.05558        0.2569      -0.08329
           Cdv        0.2979        0.2132        0.2733        0.9085       -0.2065        0.2217        0.2806        0.5669             1        -0.251        0.3141       -0.1729        0.2651       -0.2103
            Cg       -0.5998       -0.8753       -0.6764       -0.1975        0.9214       -0.8326       -0.2309       -0.2269        -0.251             1      0.007171        0.2415       0.08446        0.3478
         Cubar        0.0256        0.1189      0.006605        0.5879       -0.1033        0.1216        0.5457        0.2584        0.3141      0.007171             1        0.4827        0.9788        0.1169
           Cuv       -0.1853       -0.2381       -0.1813      -0.02073         0.229       -0.2483      -0.03495      -0.05558       -0.1729        0.2415        0.4827             1        0.5068         0.714
         Dubar       -0.1046        0.0613       -0.1199        0.5359       -0.0434       0.06368        0.4229        0.2569        0.2651       0.08446        0.9788        0.5068             1        0.2288
           Euv       -0.4128       -0.4554       -0.3655       -0.2052        0.4193       -0.4848        -0.674      -0.08329       -0.2103        0.3478        0.1169         0.714        0.2288             1
GLOBAL CORRELATION COEFFICIENT
    0          Adbar         0.9776
    1            Agp              1
    2          Bdbar         0.9844
    3            Bdv         0.9932
    4             Bg              1
    5            Bgp         0.9999
    6            Buv         0.9965
    7          Cdbar         0.9895
    8            Cdv         0.9852
    9             Cg         0.9994
   10          Cubar         0.9995
   11            Cuv          0.984
   12          Dubar         0.9995
   13            Euv         0.9953
