    0   'Adbar'    0.161301    0.00536953
    1   'Agp'    0.167785    0.553915
    2   'Bdbar'    -0.12728    0.00436337
    3   'Bdv'    1.02978    0.0742271
    4   'Bg'    -0.0634992    0.285447
    5   'Bgp'    -0.383035    0.204292
    6   'Buv'    0.810577    0.02234
    7   'Cdbar'    9.58493    1.45687
    8   'Cdv'    4.8454    0.300903
    9   'Cg'    5.54747    1.02717
   10   'Cubar'    7.04095    2.49355
   11   'Cuv'    4.82317    0.0661501
   12   'Dubar'    1.51421    3.2469
   13   'Euv'    9.9133    1.04025
   14   'proc_had'    0.0253831    0.397883
