
COVARIANCE MATRIX 
                       Adbar           Agp         Bdbar           Bdv            Bg           Bgp           Buv         Cdbar           Cdv            Cg         Cubar           Cuv         Dubar           Euv
         Adbar 2.8575385e-05 0.00072047473 2.2385835e-05 0.00011469147-0.00073971609 0.00046769901 4.7413856e-05  0.0025171139 0.00047945044 -0.0033534141 0.00033712457-6.5429285e-05 -0.0017993561 -0.0022917209
           Agp 0.00072047473   0.089903552 0.00064389272  0.0048040463  -0.086849852   0.062842415  0.0028246349  0.0035316523    0.01922064   -0.27931407   0.083436398 -0.0046975511   0.052038544   -0.13933987
         Bdbar 2.2385835e-05 0.00064389272 1.8836606e-05 8.1983435e-05-0.00066875798 0.00040880301 3.1125252e-05  0.0019847043 0.00035713521 -0.0030704838 7.0602406e-05-5.1981261e-05 -0.0016743502 -0.0016475631
           Bdv 0.00011469147  0.0048040463 8.1983435e-05  0.0055211693 -0.0043997287  0.0036427507 0.00074162031   0.066161596   0.020327596   -0.01534452    0.10760983-0.00010172786    0.12810459  -0.015835114
            Bg-0.00073971609  -0.086849852-0.00066875798 -0.0043997287   0.084545711  -0.059984283 -0.0025028629  -0.012014392  -0.018079663    0.28020677   -0.07397487  0.0043983978  -0.040597701    0.12662535
           Bgp 0.00046769901   0.062842415 0.00040880301  0.0036427507  -0.059984283   0.044769083  0.0022188759 -0.0056986513   0.014123988   -0.18425722   0.063398648  -0.003470131   0.043347071   -0.10653152
           Buv 4.7413856e-05  0.0028246349 3.1125252e-05 0.00074162031 -0.0025028629  0.0022188759  0.0004995663  0.0046220384  0.0018882454 -0.0053978139   0.030048131-5.1600262e-05   0.030408495  -0.015645847
         Cdbar  0.0025171139  0.0035316523  0.0019847043   0.066161596  -0.012014392 -0.0056986513  0.0046220384     2.1237669    0.24874194    -0.3458211    0.92774777 -0.0053497188     1.2045391   -0.12605166
           Cdv 0.00047945044    0.01922064 0.00035713521   0.020327596  -0.018079663   0.014123988  0.0018882454    0.24874194   0.090667691  -0.079058106    0.23302302 -0.0034393663    0.25678847  -0.065758706
            Cg -0.0033534141   -0.27931407 -0.0030704838   -0.01534452    0.28020677   -0.18425722 -0.0053978139    -0.3458211  -0.079058106     1.0938171   0.018477116    0.01668303    0.28417444    0.37773542
         Cubar 0.00033712457   0.083436398 7.0602406e-05    0.10760983   -0.07397487   0.063398648   0.030048131    0.92774777    0.23302302   0.018477116     6.0693242   0.078543926     7.7576758     0.2991342
           Cuv-6.5429285e-05 -0.0046975511-5.1981261e-05-0.00010172786  0.0043983978  -0.003470131-5.1600262e-05 -0.0053497188 -0.0034393663    0.01668303   0.078543926  0.0043626645    0.10768362   0.048975781
         Dubar -0.0017993561   0.052038544 -0.0016743502    0.12810459  -0.040597701   0.043347071   0.030408495     1.2045391    0.25678847    0.28417444     7.7576758    0.10768362     10.349675    0.76438563
           Euv -0.0022917209   -0.13933987 -0.0016475631  -0.015835114    0.12662535   -0.10653152  -0.015645847   -0.12605166  -0.065758706    0.37773542     0.2991342   0.048975781    0.76438563     1.0785072

CORRELATION MATRIX 
                       Adbar           Agp         Bdbar           Bdv            Bg           Bgp           Buv         Cdbar           Cdv            Cg         Cubar           Cuv         Dubar           Euv
         Adbar             1        0.4495        0.9649        0.2887       -0.4759        0.4135        0.3968        0.3231        0.2979       -0.5998        0.0256       -0.1853       -0.1046       -0.4128
           Agp        0.4495             1        0.4948        0.2156       -0.9962        0.9905        0.4215      0.008082        0.2129       -0.8907         0.113       -0.2372       0.05395       -0.4475
         Bdbar        0.9649        0.4948             1        0.2542       -0.5299        0.4452        0.3209        0.3138        0.2733       -0.6764      0.006603       -0.1813       -0.1199       -0.3655
           Bdv        0.2887        0.2156        0.2542             1       -0.2036        0.2317        0.4465         0.611        0.9085       -0.1975        0.5878      -0.02073        0.5359       -0.2052
            Bg       -0.4759       -0.9962       -0.5299       -0.2036             1        -0.975       -0.3851      -0.02835       -0.2065        0.9214       -0.1033         0.229       -0.0434        0.4193
           Bgp        0.4135        0.9905        0.4452        0.2317        -0.975             1        0.4692      -0.01848        0.2217       -0.8327        0.1216       -0.2483       0.06368       -0.4848
           Buv        0.3968        0.4215        0.3209        0.4465       -0.3851        0.4692             1        0.1419        0.2806       -0.2309        0.5457      -0.03495        0.4229        -0.674
         Cdbar        0.3231      0.008082        0.3138         0.611      -0.02835      -0.01848        0.1419             1        0.5669       -0.2269        0.2584      -0.05558        0.2569      -0.08329
           Cdv        0.2979        0.2129        0.2733        0.9085       -0.2065        0.2217        0.2806        0.5669             1        -0.251        0.3141       -0.1729        0.2651       -0.2103
            Cg       -0.5998       -0.8907       -0.6764       -0.1975        0.9214       -0.8327       -0.2309       -0.2269        -0.251             1      0.007171        0.2415       0.08446        0.3478
         Cubar        0.0256         0.113      0.006603        0.5878       -0.1033        0.1216        0.5457        0.2584        0.3141      0.007171             1        0.4827        0.9788        0.1169
           Cuv       -0.1853       -0.2372       -0.1813      -0.02073         0.229       -0.2483      -0.03495      -0.05558       -0.1729        0.2415        0.4827             1        0.5068         0.714
         Dubar       -0.1046       0.05395       -0.1199        0.5359       -0.0434       0.06368        0.4229        0.2569        0.2651       0.08446        0.9788        0.5068             1        0.2288
           Euv       -0.4128       -0.4475       -0.3655       -0.2052        0.4193       -0.4848        -0.674      -0.08329       -0.2103        0.3478        0.1169         0.714        0.2288             1
GLOBAL CORRELATION COEFFICIENT
    0          Adbar          0.978
    1            Agp              1
    2          Bdbar         0.9851
    3            Bdv         0.9927
    4             Bg              1
    5            Bgp         0.9999
    6            Buv         0.9964
    7          Cdbar         0.9874
    8            Cdv         0.9838
    9             Cg         0.9991
   10          Cubar         0.9995
   11            Cuv         0.9836
   12          Dubar         0.9994
   13            Euv         0.9952
