           7
  2.71213565818122357E-004  9.36822075918753458E-005  6.33170762992844806E-005  1.09832403851858627E-004 -3.37757950736465763E-005  4.56968034206287066E-003 -3.01204995935160037E-004  9.36822075918753458E-005  4.90030881522729550E-005  9.01878886343086708E-005  1.00182365327854025E-004 -1.21755106120001793E-005  1.13833751627773769E-003 -8.11752751353971800E-005  6.33170762992844806E-005  9.01878886343086708E-005  5.12277358726437771E-004  3.45930214878031590E-004  4.34045920619954892E-006 -1.36120337739974390E-003  5.80830004435988652E-005  1.09832403851858627E-004  1.00182365327854025E-004  3.45930214878031590E-004  3.40829044516458620E-004 -8.71162306214485339E-006  6.09413938709201571E-004 -5.42204785463123038E-005 -3.37757950736465763E-005 -1.21755106120001793E-005  4.34045920619954892E-006 -8.71162306214485339E-006  5.39482283092359670E-006 -5.15409497675165711E-004  3.51998552323149049E-005  4.56968034206287066E-003  1.13833751627773769E-003 -1.36120337739974390E-003  6.09413938709201571E-004 -5.15409497675165711E-004  0.23668602114629370      -1.09968760398945192E-002 -3.01204995935160037E-004 -8.11752751353971800E-005  5.80830004435988652E-005 -5.42204785463123038E-005  3.51998552323149049E-005 -1.09968760398945192E-002  5.75456322766606750E-004
