SetDesc: ...
Authors: ...
Reference: ...
Format: lhagrid1
DataVersion: 1
NumMembers: 1
Flavors: [-6, -5, -4, -3, -2, -1, 21, 1, 2, 3, 4, 5, 6]
OrderQCD: 2
FlavorScheme: variable
ErrorType: symmhessian
XMin: 0.0001
XMax: 1
QMin: 1
QMax: 1000
MZ: 91.1876
MUp: 0
MDown: 0
MStrange: 0
MCharm: 1.47
MBottom: 4.5
MTop: 173
AlphaS_MZ: 0.118
AlphaS_OrderQCD: 2
AlphaS_Type: ipol
AlphaS_Qs: [1, 1.02035, 1.04141, 1.06323, 1.08583, 1.10925, 1.13352, 1.15869, 1.1848, 1.21189, 1.24, 1.26919, 1.29951, 1.33101, 1.36374, 1.39778, 1.43317, 1.47, 1.47, 1.5107, 1.55318, 1.59753, 1.64387, 1.69229, 1.74292, 1.79588, 1.85131, 1.90934, 1.97013, 2.03383, 2.10062, 2.17069, 2.24423, 2.32146, 2.40259, 2.48788, 2.57758, 2.67197, 2.77136, 2.87606, 2.98642, 3.10282, 3.22566, 3.35537, 3.49241, 3.6373, 3.79057, 3.95281, 4.12466, 4.30681, 4.5, 4.5, 4.70796, 4.92901, 5.16414, 5.41443, 5.68106, 5.96529, 6.26852, 6.59228, 6.93822, 7.30815, 7.70405, 8.1281, 8.58268, 9.0704, 9.59411, 10.157, 10.7624, 11.4143, 12.1168, 12.8746, 13.6927, 14.5768, 15.5332, 16.5688, 17.6913, 18.9092, 20.232, 21.6702, 23.2356, 24.9412, 26.8017, 28.8333, 31.0545, 33.4855, 36.1494, 39.072, 42.2821, 45.8126, 49.7, 53.9861, 58.7176, 63.9477, 69.7367, 76.1527, 83.2736, 91.1876, 98.4357, 106.365, 115.049, 124.569, 135.015, 146.49, 159.109, 173, 173, 190.787, 210.71, 233.061, 258.171, 286.426, 318.266, 354.205, 394.833, 440.837, 493.014, 552.291, 619.746, 696.64, 784.447, 884.892, 1000]
AlphaS_Vals: [0.451695, 0.444434, 0.437326, 0.430365, 0.423546, 0.416867, 0.410321, 0.403906, 0.397618, 0.391453, 0.385407, 0.379478, 0.373662, 0.367956, 0.362356, 0.356862, 0.351468, 0.346175, 0.346172, 0.341175, 0.336255, 0.331413, 0.326645, 0.321952, 0.317332, 0.312783, 0.308303, 0.303893, 0.299549, 0.295272, 0.291059, 0.28691, 0.282824, 0.278799, 0.274834, 0.270929, 0.267081, 0.263291, 0.259556, 0.255877, 0.252252, 0.24868, 0.245161, 0.241693, 0.238276, 0.234908, 0.23159, 0.228319, 0.225096, 0.221919, 0.218789, 0.218788, 0.215956, 0.213157, 0.21039, 0.207655, 0.204953, 0.202281, 0.199641, 0.197031, 0.194453, 0.191904, 0.189385, 0.186897, 0.184437, 0.182007, 0.179605, 0.177232, 0.174888, 0.172571, 0.170282, 0.168021, 0.165787, 0.163579, 0.161399, 0.159244, 0.157116, 0.155014, 0.152937, 0.150885, 0.148859, 0.146857, 0.14488, 0.142927, 0.140998, 0.139093, 0.137212, 0.135354, 0.133519, 0.131706, 0.129917, 0.128149, 0.126404, 0.12468, 0.122978, 0.121298, 0.119638, 0.118, 0.116655, 0.115324, 0.114007, 0.112704, 0.111414, 0.110139, 0.108877, 0.107628, 0.107628, 0.106204, 0.104798, 0.103409, 0.102038, 0.100683, 0.0993447, 0.0980231, 0.0967179, 0.0954288, 0.0941557, 0.0928985, 0.0916569, 0.0904308, 0.08922, 0.0880243, 0.0868436]
