
COVARIANCE MATRIX 
                       Adbar           Agp         Bdbar           Bdv            Bg           Bgp           Buv         Cdbar           Cdv            Cg         Cubar           Cuv         Dubar         Eubar           Euv
         Adbar     3.096e-05      0.001492     2.441e-05      0.000117    -0.0008163     0.0005106      5.95e-05       0.00248      0.000576      -0.00362     -0.002803    -0.0002415     -0.005907     -0.007252      0.002302
           Agp      0.001492        0.3179      0.001319      0.003319       -0.1596        0.1131      0.005302      -0.05088       0.01948       -0.5038       -0.3706      -0.04063       -0.5663        -0.696        0.2858
         Bdbar     2.441e-05      0.001319     2.054e-05     8.686e-05    -0.0007323     0.0004432     4.162e-05      0.001995     0.0004334      -0.00328     -0.002253    -0.0001933     -0.004697     -0.005748      0.001743
           Bdv      0.000117      0.003319     8.686e-05      0.004999     -0.001726       0.00125     0.0004253       0.06045        0.0211      -0.01215       0.07939      0.006087       0.08485          0.11      -0.01935
            Bg    -0.0008163       -0.1596    -0.0007323     -0.001726       0.08138      -0.05604     -0.002428      0.009706      -0.01037        0.2685        0.1778       0.01931        0.2766        0.3395       -0.1348
           Bgp     0.0005106        0.1131     0.0004432       0.00125      -0.05604       0.04072      0.002046      -0.02441      0.007147        -0.171       -0.1396      -0.01528       -0.2116       -0.2606        0.1083
           Buv      5.95e-05      0.005302     4.162e-05     0.0004253     -0.002428      0.002046      0.000435      0.001574      0.001817      -0.00665      -0.00181    -0.0002803      -0.01174      -0.01335      0.009863
         Cdbar       0.00248      -0.05088      0.001995       0.06045      0.009706      -0.02441      0.001574         2.064        0.2418       -0.3251        0.6983       0.04308        0.8592         1.112       -0.1703
           Cdv      0.000576       0.01948     0.0004334        0.0211      -0.01037      0.007147      0.001817        0.2418        0.1075      -0.07345        0.2431       0.01971        0.2059        0.2368      -0.04343
            Cg      -0.00362       -0.5038      -0.00328      -0.01215        0.2685        -0.171      -0.00665       -0.3251      -0.07345         1.047        0.6207       0.06172         1.048           1.3       -0.4266
         Cubar     -0.002803       -0.3706     -0.002253       0.07939        0.1778       -0.1396      -0.00181        0.6983        0.2431        0.6207         6.265        0.5613         8.061          10.3         -2.64
           Cuv    -0.0002415      -0.04063    -0.0001933      0.006087       0.01931      -0.01528    -0.0002803       0.04308       0.01971       0.06172        0.5613       0.05401        0.7078        0.8969        -0.251
         Dubar     -0.005907       -0.5663     -0.004697       0.08485        0.2766       -0.2116      -0.01174        0.8592        0.2059         1.048         8.061        0.7078         10.85          13.9         -3.57
         Eubar     -0.007252        -0.696     -0.005748          0.11        0.3395       -0.2606      -0.01335         1.112        0.2368           1.3          10.3        0.8969          13.9         17.96        -4.545
           Euv      0.002302        0.2858      0.001743      -0.01935       -0.1348        0.1083      0.009863       -0.1703      -0.04343       -0.4266         -2.64        -0.251         -3.57        -4.545         1.364

CORRELATION MATRIX 
                       Adbar           Agp         Bdbar           Bdv            Bg           Bgp           Buv         Cdbar           Cdv            Cg         Cubar           Cuv         Dubar         Eubar           Euv
         Adbar             1        0.4756        0.9678        0.2974       -0.5143        0.4548        0.5127        0.3102        0.3157       -0.6357       -0.2013       -0.1867       -0.3223       -0.3075        0.3542
           Agp        0.4756             1        0.5161       0.08325       -0.9924        0.9939        0.4508      -0.06282        0.1054       -0.8731       -0.2626         -0.31       -0.3049       -0.2913         0.434
         Bdbar        0.9678        0.5161             1         0.271       -0.5664        0.4845        0.4402        0.3063        0.2916        -0.707       -0.1985       -0.1835       -0.3147       -0.2992        0.3292
           Bdv        0.2974       0.08325         0.271             1      -0.08558       0.08759        0.2884        0.5951        0.9101       -0.1679        0.4486        0.3704        0.3644        0.3671       -0.2343
            Bg       -0.5143       -0.9924       -0.5664      -0.08558             1       -0.9735        -0.408       0.02369       -0.1108        0.9198         0.249        0.2913        0.2944        0.2808       -0.4044
           Bgp        0.4548        0.9939        0.4845       0.08759       -0.9735             1        0.4861       -0.0842         0.108       -0.8282       -0.2764       -0.3259       -0.3184       -0.3048        0.4593
           Buv        0.5127        0.4508        0.4402        0.2884        -0.408        0.4861             1       0.05253        0.2657       -0.3115      -0.03467      -0.05782       -0.1709        -0.151        0.4048
         Cdbar        0.3102      -0.06282        0.3063        0.5951       0.02369       -0.0842       0.05253             1        0.5133       -0.2211        0.1942         0.129        0.1816        0.1827       -0.1015
           Cdv        0.3157        0.1054        0.2916        0.9101       -0.1108         0.108        0.2657        0.5133             1       -0.2189        0.2962        0.2587        0.1906        0.1704       -0.1134
            Cg       -0.6357       -0.8731        -0.707       -0.1679        0.9198       -0.8282       -0.3115       -0.2211       -0.2189             1        0.2423        0.2595         0.311        0.2998       -0.3569
         Cubar       -0.2013       -0.2626       -0.1985        0.4486         0.249       -0.2764      -0.03467        0.1942        0.2962        0.2423             1         0.965        0.9779        0.9711        -0.903
           Cuv       -0.1867         -0.31       -0.1835        0.3704        0.2913       -0.3259      -0.05782         0.129        0.2587        0.2595         0.965             1        0.9247        0.9105       -0.9247
         Dubar       -0.3223       -0.3049       -0.3147        0.3644        0.2944       -0.3184       -0.1709        0.1816        0.1906         0.311        0.9779        0.9247             1        0.9959       -0.9279
         Eubar       -0.3075       -0.2913       -0.2992        0.3671        0.2808       -0.3048        -0.151        0.1827        0.1704        0.2998        0.9711        0.9105        0.9959             1        -0.918
           Euv        0.3542         0.434        0.3292       -0.2343       -0.4044        0.4593        0.4048       -0.1015       -0.1134       -0.3569        -0.903       -0.9247       -0.9279        -0.918             1
GLOBAL CORRELATION COEFFICIENT
    0          Adbar           0.98
    1            Agp              1
    2          Bdbar         0.9856
    3            Bdv         0.9931
    4             Bg              1
    5            Bgp         0.9999
    6            Buv          0.996
    7          Cdbar         0.9895
    8            Cdv         0.9889
    9             Cg         0.9994
   10          Cubar         0.9995
   11            Cuv         0.9988
   12          Dubar         0.9999
   13          Eubar         0.9998
   14            Euv         0.9991
