Parameters:
  Adbar: [ 0.159695, 0.005564 ]
  Agp: [ 0.172434, 0.563843 ]
  Bdbar: [ -0.128396, 0.004533 ]
  Bdv: [ 1.000377, 0.070706 ]
  Bg: [ -0.065160, 0.285267 ]
  Bgp: [ -0.382911, 0.201787 ]
  Buv: [ 0.801520, 0.020857 ]
  Cdbar: [ 9.508550, 1.436567 ]
  Cdv: [ 4.555476, 0.327913 ]
  Cg: [ 5.656989, 1.023364 ]
  Cubar: [ 3.418150, 2.503040 ]
  Cuv: [ 4.754314, 0.232401 ]
  Dubar: [ -1.488523, 3.293483 ]
  Eubar: [ 1.071407, 4.238468 ]
  Euv: [ -5.070364, 1.168118 ]
