SetDesc: ...
Authors: ...
Reference: ...
Format: lhagrid1
DataVersion: 1
NumMembers: 1
Flavors: [-6, -5, -4, -3, -2, -1, 21, 1, 2, 3, 4, 5, 6]
OrderQCD: 1
FlavorScheme: fixed
ErrorType: symmhessian
XMin: 9.9e-07
XMax: 0.99085
QMin: 1
QMax: 14317.8
MZ: 91.1876
MUp: 0
MDown: 0
MStrange: 0
MCharm: 1.29
MBottom: 4.049
MTop: 173
AlphaS_MZ: 0.106
AlphaS_OrderQCD: 2
AlphaS_Type: ipol
AlphaS_Qs: [1, 1.13578, 1.29, 1.29, 1.33347, 1.3784, 1.42029, 1.46344, 1.50791, 1.55372, 1.60093, 1.64957, 1.6997, 1.75134, 1.80455, 1.85938, 1.91588, 1.97409, 2.03407, 2.09588, 2.15956, 2.22517, 2.29278, 2.36245, 2.43423, 2.50819, 2.5844, 2.66293, 2.74384, 2.82721, 2.91311, 3.00162, 3.09282, 3.1868, 3.28362, 3.38339, 3.4862, 3.59212, 3.70127, 3.81373, 3.9296, 4.049, 4.049, 4.43741, 4.86308, 5.32959, 5.84085, 6.40115, 7.0152, 7.68815, 8.42566, 9.23391, 10.1197, 11.0905, 12.1544, 13.3203, 14.5981, 15.9984, 17.5331, 19.2151, 21.0583, 23.0784, 25.2923, 27.7185, 30.3775, 33.2915, 36.4851, 39.9851, 43.8207, 48.0244, 52.6313, 57.6801, 63.2132, 69.2771, 75.9227, 83.2058, 91.1876, 101.783, 113.609, 126.809, 141.543, 157.988, 176.345, 176.345, 196.834, 219.704, 245.232, 273.725, 305.529, 341.028, 380.652, 424.879, 474.246, 529.348, 590.853, 659.503, 736.131, 821.661, 917.129, 1023.69, 1142.63, 1275.39, 1423.58, 1588.99, 1773.61, 1979.68, 2209.7, 2466.44, 2753.02, 3072.89, 3429.93, 3828.45, 4273.27, 4769.78, 5323.98, 5942.57, 6633.03, 7403.72, 8263.95, 9224.13, 10295.9, 11492.1, 12827.4, 14317.8]
AlphaS_Vals: [0.443732, 0.403312, 0.370151, 0.370148, 0.362462, 0.355113, 0.348748, 0.342624, 0.336728, 0.331047, 0.325568, 0.320282, 0.315176, 0.310243, 0.305472, 0.300857, 0.296388, 0.292059, 0.287863, 0.283795, 0.279847, 0.276015, 0.272293, 0.268676, 0.26516, 0.261741, 0.258415, 0.255177, 0.252024, 0.248953, 0.24596, 0.243043, 0.240198, 0.237422, 0.234714, 0.23207, 0.229489, 0.226967, 0.224503, 0.222096, 0.219742, 0.21744, 0.21744, 0.2107, 0.204387, 0.198458, 0.192879, 0.18762, 0.182653, 0.177953, 0.173499, 0.169272, 0.165254, 0.16143, 0.157786, 0.15431, 0.150989, 0.147813, 0.144773, 0.141859, 0.139065, 0.136383, 0.133805, 0.131327, 0.128941, 0.126644, 0.124429, 0.122293, 0.120232, 0.11824, 0.116316, 0.114455, 0.112655, 0.110912, 0.109223, 0.107587, 0.106, 0.104158, 0.102381, 0.100665, 0.0990073, 0.0974045, 0.0958541, 0.0958541, 0.0943535, 0.0929002, 0.0914922, 0.0901271, 0.0888032, 0.0875185, 0.0862712, 0.0850598, 0.0838827, 0.0827384, 0.0816256, 0.080543, 0.0794893, 0.0784634, 0.0774642, 0.0764906, 0.0755417, 0.0746165, 0.0737142, 0.0728338, 0.0719746, 0.0711358, 0.0703167, 0.0695166, 0.0687349, 0.0679708, 0.0672239, 0.0664935, 0.065779, 0.0650801, 0.064396, 0.0637265, 0.0630709, 0.062429, 0.0618002, 0.0611841, 0.0605804, 0.0599887, 0.0594086, 0.0588398]
