SetDesc: ...
Authors: ...
Reference: ...
Format: lhagrid1
DataVersion: 1
NumMembers: 1
Flavors: [-6, -5, -4, -3, -2, -1, 21, 1, 2, 3, 4, 5, 6]
OrderQCD: 2
FlavorScheme: fixed
ErrorType: symmhessian
XMin: 0.0001
XMax: 1
QMin: 1
QMax: 1000
MZ: 91.1876
MUp: 0
MDown: 0
MStrange: 0
MCharm: 1.29
MBottom: 4.049
MTop: 173
AlphaS_MZ: 0.106
AlphaS_OrderQCD: 2
AlphaS_Type: ipol
AlphaS_Qs: [1, 1.01981, 1.04031, 1.06151, 1.08346, 1.10618, 1.12971, 1.15408, 1.17933, 1.20551, 1.23265, 1.2608, 1.29, 1.29, 1.32362, 1.35866, 1.3952, 1.43331, 1.4731, 1.51463, 1.55802, 1.60336, 1.65076, 1.70034, 1.75222, 1.80653, 1.86342, 1.92304, 1.98554, 2.0511, 2.11991, 2.19216, 2.26806, 2.34784, 2.43175, 2.52004, 2.613, 2.71093, 2.81415, 2.92301, 3.03789, 3.15919, 3.28736, 3.42285, 3.56619, 3.71792, 3.87865, 4.049, 4.049, 4.22686, 4.41546, 4.61559, 4.82809, 5.05389, 5.29398, 5.54945, 5.82148, 6.11136, 6.42049, 6.75039, 7.10274, 7.47936, 7.88222, 8.31352, 8.77563, 9.27117, 9.803, 10.3743, 10.9884, 11.6493, 12.361, 13.1283, 13.9561, 14.8501, 15.8166, 16.8624, 17.995, 19.2231, 20.5559, 22.0039, 23.5786, 25.293, 27.1615, 29.2001, 31.4269, 33.8618, 36.5274, 39.449, 42.6549, 46.177, 50.0512, 54.318, 59.0229, 64.2178, 69.9608, 76.3184, 83.3655, 91.1876, 98.4357, 106.365, 115.049, 124.569, 135.015, 146.49, 159.109, 173, 173, 190.787, 210.71, 233.061, 258.171, 286.426, 318.266, 354.205, 394.833, 440.837, 493.014, 552.291, 619.746, 696.64, 784.447, 884.892, 1000]
AlphaS_Vals: [0.443732, 0.436932, 0.430264, 0.423726, 0.417314, 0.411024, 0.404853, 0.398797, 0.392854, 0.38702, 0.381294, 0.375671, 0.370151, 0.370148, 0.364152, 0.358273, 0.352508, 0.346855, 0.341309, 0.33587, 0.330533, 0.325296, 0.320157, 0.315113, 0.310161, 0.3053, 0.300528, 0.295841, 0.291238, 0.286717, 0.282277, 0.277914, 0.273628, 0.269417, 0.265279, 0.261212, 0.257214, 0.253285, 0.249423, 0.245626, 0.241893, 0.238222, 0.234612, 0.231063, 0.227572, 0.224139, 0.220762, 0.21744, 0.21744, 0.214221, 0.211054, 0.207937, 0.20487, 0.201851, 0.19888, 0.195955, 0.193076, 0.190242, 0.187452, 0.184705, 0.182001, 0.179339, 0.176717, 0.174136, 0.171594, 0.169091, 0.166626, 0.164199, 0.161808, 0.159453, 0.157134, 0.15485, 0.1526, 0.150384, 0.148202, 0.146051, 0.143933, 0.141846, 0.139791, 0.137765, 0.13577, 0.133804, 0.131868, 0.12996, 0.128079, 0.126227, 0.124402, 0.122603, 0.120831, 0.119085, 0.117364, 0.115668, 0.113997, 0.112351, 0.110728, 0.109129, 0.107553, 0.106, 0.104711, 0.103439, 0.102181, 0.100939, 0.0997125, 0.0985005, 0.0973033, 0.0961206, 0.0961206, 0.0947746, 0.0934474, 0.0921388, 0.0908484, 0.089576, 0.0883213, 0.0870841, 0.0858642, 0.0846612, 0.083475, 0.0823052, 0.0811518, 0.0800143, 0.0788927, 0.0777866, 0.0766959]
