SetDesc: "..."
Authors: "..."
Reference: "..."
Format: lhagrid1
DataVersion: 1
NumMembers: 1
Flavors: [-5, -4, -3, -2, -1, 1, 2, 3, 4, 5, 21, ]
OrderQCD: 2
FlavorScheme: variable
ErrorType: symmhessian
XMin: 1e-06
XMax: 1
QMin: 1
QMax: 10000
MZ: 91.1876
MUp: 0
MDown: 0
MStrange: 0
MCharm: 1.43
MBottom: 4.5
MTop: 173
AlphaS_MZ: 0.118002
AlphaS_OrderQCD: 2
AlphaS_Type: ipol
AlphaS_Qs: [1, 1.02318, 1.04729, 1.07239, 1.09852, 1.12573, 1.15408, 1.18363, 1.21445, 1.2466, 1.28015, 1.31518, 1.35177, 1.39002, 1.43, 1.43, 1.47451, 1.52122, 1.57027, 1.6218, 1.67598, 1.73297, 1.79295, 1.85612, 1.92268, 1.99286, 2.0669, 2.14507, 2.22765, 2.31495, 2.40729, 2.50504, 2.60858, 2.71833, 2.83475, 2.95834, 3.08964, 3.22922, 3.37773, 3.53587, 3.70439, 3.88411, 4.07595, 4.28088, 4.5, 4.5, 4.7342, 4.98502, 5.25389, 5.54238, 5.85219, 6.18522, 6.54356, 6.9295, 7.34559, 7.79465, 8.27977, 8.80441, 9.3724, 9.98798, 10.6559, 11.3814, 12.1703, 13.0293, 13.9656, 14.9874, 16.104, 17.3255, 18.6637, 20.1314, 21.7435, 23.5165, 25.469, 27.6223, 30.0004, 32.6304, 35.5434, 38.7747, 42.3643, 46.3582, 50.809, 55.7767, 61.3305, 67.5498, 74.526, 82.3646, 91.1876, 99.5251, 108.766, 119.022, 130.418, 143.1, 157.232, 173, 173, 193.833, 217.605, 244.784, 275.922, 311.669, 352.793, 400.205, 454.986, 518.42, 592.041, 677.678, 777.528, 894.224, 1030.94, 1191.5, 1380.53, 1603.66, 1867.71, 2181, 2553.73, 2998.37, 3530.26, 4168.33, 4935.97, 5862.17, 6983.03, 8343.53, 10000]
AlphaS_Vals: [0.426147, 0.421233, 0.416297, 0.411338, 0.406358, 0.401357, 0.396336, 0.391297, 0.386241, 0.381168, 0.376079, 0.370975, 0.365859, 0.36073, 0.355591, 0.355588, 0.350117, 0.344635, 0.339144, 0.333647, 0.328169, 0.322622, 0.317141, 0.311815, 0.306589, 0.301455, 0.296419, 0.291471, 0.286616, 0.281848, 0.277165, 0.272569, 0.268052, 0.263619, 0.259262, 0.254985, 0.250783, 0.246654, 0.2426, 0.238614, 0.2347, 0.230854, 0.227059, 0.223345, 0.219782, 0.219782, 0.216365, 0.213006, 0.209894, 0.206787, 0.20375, 0.200753, 0.197795, 0.194878, 0.191998, 0.189158, 0.186356, 0.183591, 0.180864, 0.178173, 0.175519, 0.1729, 0.170318, 0.16777, 0.165258, 0.16278, 0.160336, 0.157925, 0.155548, 0.153204, 0.150891, 0.148611, 0.146362, 0.144146, 0.141959, 0.139803, 0.137678, 0.135582, 0.133516, 0.131478, 0.12947, 0.12749, 0.125538, 0.123613, 0.121716, 0.119846, 0.118002, 0.116463, 0.114943, 0.11344, 0.111957, 0.110491, 0.109043, 0.107613, 0.107613, 0.10596, 0.104331, 0.102725, 0.101143, 0.0995829, 0.0980455, 0.0965306, 0.0950369, 0.0935656, 0.0921148, 0.0906858, 0.089277, 0.0878891, 0.0865214, 0.0851733, 0.0838455, 0.0825364, 0.0812473, 0.0799764, 0.0787248, 0.0774913, 0.076276, 0.075079, 0.0738991, 0.0727374, 0.0715923, 0.0704647, 0.0693536]
