UvDvubardbars :
  HERAPDF_pdfparam :
    xg    : [1.0, -0.061953, 5.562367, 0.]
    xuv   : [1.0, 0.810476, 4.823512, 0., 9.921366]
    xdv   : [1.0, 1.029995, 4.846279]
    xubar : [0.0, 0.0, 7.059694, 1.548098]
    xdbar : [0.268798,-0.127297,9.586246]
    xs    : [0.13, 0.0, 10.0]
