           1
     8090469
 BELLE2020                                                                       
Plot1@Experiment:BELLE20@ExtraLabel:e^{+}e^{-} #rightarrow  #gamma/Z #rightarrow #pi^{#pm}X @XTitle: Z @YTitle:  d#sigma/dz @Title:Q^{2} = 111.9364 @Ylog @Ymin:0.01 @Ymax:120
 x           Q2          cosTheta       data      +- uncor     +- tot     th orig         th mod   therr+         therr-     pull    iset       iplot
 0.11250E+00 0.11194E+03 -.82983E+00 0.18013E+02 0.18965E+01 0.18965E+01 0.18013E+02 0.18013E+02 0.00000E+00 0.00000E+00 -.18529E-03      8090469   1/0.11250E+00
 0.11250E+00 0.11194E+03 -.56658E+00 0.14492E+02 0.17011E+01 0.17011E+01 0.14492E+02 0.14492E+02 0.00000E+00 0.00000E+00 -.10849E-03      8090469   1/0.11250E+00
 0.11250E+00 0.11194E+03 -.24946E+00 0.12013E+02 0.15488E+01 0.15488E+01 0.12013E+02 0.12013E+02 0.00000E+00 0.00000E+00 -.25247E-03      8090469   1/0.11250E+00
 0.11250E+00 0.11194E+03 0.13993E+00 0.11605E+02 0.15222E+01 0.15222E+01 0.11605E+02 0.11605E+02 0.00000E+00 0.00000E+00 0.90806E-04      8090469   1/0.11250E+00
 0.11250E+00 0.11194E+03 0.62950E+00 0.15213E+02 0.17429E+01 0.17429E+01 0.15213E+02 0.15213E+02 0.00000E+00 0.00000E+00 -.28698E-04      8090469   1/0.11250E+00
 0.13750E+00 0.11194E+03 -.82983E+00 0.13158E+02 0.59304E+00 0.59304E+00 0.13158E+02 0.13158E+02 0.00000E+00 0.00000E+00 -.23771E-03      8090469   1/0.13750E+00
 0.13750E+00 0.11194E+03 -.56658E+00 0.10534E+02 0.53064E+00 0.53063E+00 0.10534E+02 0.10534E+02 0.00000E+00 0.00000E+00 -.54140E-03      8090469   1/0.13750E+00
 0.13750E+00 0.11194E+03 -.24946E+00 0.86872E+01 0.48187E+00 0.48187E+00 0.86872E+01 0.86872E+01 0.00000E+00 0.00000E+00 0.52470E-04      8090469   1/0.13750E+00
 0.13750E+00 0.11194E+03 0.13993E+00 0.83828E+01 0.47335E+00 0.47335E+00 0.83828E+01 0.83828E+01 0.00000E+00 0.00000E+00 0.10009E-03      8090469   1/0.13750E+00
 0.13750E+00 0.11194E+03 0.62950E+00 0.11071E+02 0.54400E+00 0.54399E+00 0.11071E+02 0.11071E+02 0.00000E+00 0.00000E+00 -.83031E-03      8090469   1/0.13750E+00
 0.16250E+00 0.11194E+03 -.82983E+00 0.98401E+01 0.42843E+00 0.42843E+00 0.98401E+01 0.98401E+01 0.00000E+00 0.00000E+00 -.86827E-04      8090469   1/0.16250E+00
 0.16250E+00 0.11194E+03 -.56658E+00 0.78589E+01 0.38288E+00 0.38288E+00 0.78589E+01 0.78589E+01 0.00000E+00 0.00000E+00 -.64812E-04      8090469   1/0.16250E+00
 0.16250E+00 0.11194E+03 -.24946E+00 0.64642E+01 0.34725E+00 0.34725E+00 0.64642E+01 0.64642E+01 0.00000E+00 0.00000E+00 -.34626E-04      8090469   1/0.16250E+00
 0.16250E+00 0.11194E+03 0.13993E+00 0.62344E+01 0.34102E+00 0.34102E+00 0.62343E+01 0.62343E+01 0.00000E+00 0.00000E+00 0.14718E-03      8090469   1/0.16250E+00
 0.16250E+00 0.11194E+03 0.62950E+00 0.82645E+01 0.39264E+00 0.39264E+00 0.82645E+01 0.82645E+01 0.00000E+00 0.00000E+00 -.64866E-04      8090469   1/0.16250E+00
 0.18750E+00 0.11194E+03 -.82983E+00 0.74826E+01 0.39514E+00 0.39514E+00 0.74826E+01 0.74826E+01 0.00000E+00 0.00000E+00 0.84246E-04      8090469   1/0.18750E+00
 0.18750E+00 0.11194E+03 -.56658E+00 0.59674E+01 0.35288E+00 0.35288E+00 0.59674E+01 0.59674E+01 0.00000E+00 0.00000E+00 -.14260E-05      8090469   1/0.18750E+00
 0.18750E+00 0.11194E+03 -.24946E+00 0.49008E+01 0.31979E+00 0.31979E+00 0.49008E+01 0.49008E+01 0.00000E+00 0.00000E+00 0.94015E-04      8090469   1/0.18750E+00
 0.18750E+00 0.11194E+03 0.13993E+00 0.47250E+01 0.31400E+00 0.31400E+00 0.47250E+01 0.47250E+01 0.00000E+00 0.00000E+00 0.67332E-04      8090469   1/0.18750E+00
 0.18750E+00 0.11194E+03 0.62950E+00 0.62776E+01 0.36193E+00 0.36193E+00 0.62776E+01 0.62776E+01 0.00000E+00 0.00000E+00 0.26051E-04      8090469   1/0.18750E+00
 0.21250E+00 0.11194E+03 -.82983E+00 0.57671E+01 0.28108E+00 0.28108E+00 0.57671E+01 0.57671E+01 0.00000E+00 0.00000E+00 0.47314E-04      8090469   1/0.21250E+00
 0.21250E+00 0.11194E+03 -.56658E+00 0.45944E+01 0.25088E+00 0.25088E+00 0.45944E+01 0.45944E+01 0.00000E+00 0.00000E+00 0.48493E-04      8090469   1/0.21250E+00
 0.21250E+00 0.11194E+03 -.24946E+00 0.37689E+01 0.22723E+00 0.22723E+00 0.37688E+01 0.37688E+01 0.00000E+00 0.00000E+00 0.24743E-03      8090469   1/0.21250E+00
 0.21250E+00 0.11194E+03 0.13993E+00 0.36328E+01 0.22309E+00 0.22309E+00 0.36328E+01 0.36328E+01 0.00000E+00 0.00000E+00 0.62315E-04      8090469   1/0.21250E+00
 0.21250E+00 0.11194E+03 0.62950E+00 0.48345E+01 0.25735E+00 0.25735E+00 0.48345E+01 0.48345E+01 0.00000E+00 0.00000E+00 0.12899E-03      8090469   1/0.21250E+00
 0.23750E+00 0.11194E+03 -.82983E+00 0.44946E+01 0.19120E+00 0.19120E+00 0.44946E+01 0.44946E+01 0.00000E+00 0.00000E+00 0.56306E-04      8090469   1/0.23750E+00
 0.23750E+00 0.11194E+03 -.56658E+00 0.35775E+01 0.17058E+00 0.17058E+00 0.35775E+01 0.35775E+01 0.00000E+00 0.00000E+00 0.10845E-03      8090469   1/0.23750E+00
 0.23750E+00 0.11194E+03 -.24946E+00 0.29319E+01 0.15442E+00 0.15442E+00 0.29319E+01 0.29319E+01 0.00000E+00 0.00000E+00 0.22169E-03      8090469   1/0.23750E+00
 0.23750E+00 0.11194E+03 0.13993E+00 0.28255E+01 0.15159E+00 0.15159E+00 0.28255E+01 0.28255E+01 0.00000E+00 0.00000E+00 0.25053E-03      8090469   1/0.23750E+00
 0.23750E+00 0.11194E+03 0.62950E+00 0.37652E+01 0.17500E+00 0.17500E+00 0.37652E+01 0.37652E+01 0.00000E+00 0.00000E+00 -.19982E-03      8090469   1/0.23750E+00
 0.26250E+00 0.11194E+03 -.82983E+00 0.35348E+01 0.11649E+00 0.11649E+00 0.35348E+01 0.35348E+01 0.00000E+00 0.00000E+00 -.25939E-03      8090469   1/0.26250E+00
 0.26250E+00 0.11194E+03 -.56658E+00 0.28114E+01 0.10389E+00 0.10389E+00 0.28114E+01 0.28114E+01 0.00000E+00 0.00000E+00 0.40598E-03      8090469   1/0.26250E+00
 0.26250E+00 0.11194E+03 -.24946E+00 0.23021E+01 0.94010E-01 0.94011E-01 0.23021E+01 0.23021E+01 0.00000E+00 0.00000E+00 0.47406E-03      8090469   1/0.26250E+00
 0.26250E+00 0.11194E+03 0.13993E+00 0.22181E+01 0.92281E-01 0.92281E-01 0.22181E+01 0.22181E+01 0.00000E+00 0.00000E+00 -.18914E-03      8090469   1/0.26250E+00
 0.26250E+00 0.11194E+03 0.62950E+00 0.29595E+01 0.10659E+00 0.10659E+00 0.29595E+01 0.29595E+01 0.00000E+00 0.00000E+00 0.28526E-03      8090469   1/0.26250E+00
 0.28750E+00 0.11194E+03 -.82983E+00 0.28018E+01 0.88607E-01 0.88608E-01 0.28018E+01 0.28018E+01 0.00000E+00 0.00000E+00 0.51463E-03      8090469   1/0.28750E+00
 0.28750E+00 0.11194E+03 -.56658E+00 0.22268E+01 0.78993E-01 0.78994E-01 0.22268E+01 0.22268E+01 0.00000E+00 0.00000E+00 0.55300E-03      8090469   1/0.28750E+00
 0.28750E+00 0.11194E+03 -.24946E+00 0.18220E+01 0.71455E-01 0.71455E-01 0.18220E+01 0.18220E+01 0.00000E+00 0.00000E+00 0.34581E-03      8090469   1/0.28750E+00
 0.28750E+00 0.11194E+03 0.13993E+00 0.17553E+01 0.70133E-01 0.70134E-01 0.17553E+01 0.17553E+01 0.00000E+00 0.00000E+00 0.52121E-03      8090469   1/0.28750E+00
 0.28750E+00 0.11194E+03 0.62950E+00 0.23445E+01 0.81055E-01 0.81055E-01 0.23445E+01 0.23445E+01 0.00000E+00 0.00000E+00 0.34651E-03      8090469   1/0.28750E+00
 0.31250E+00 0.11194E+03 -.82983E+00 0.22343E+01 0.69792E-01 0.69792E-01 0.22343E+01 0.22343E+01 0.00000E+00 0.00000E+00 0.21554E-03      8090469   1/0.31250E+00
 0.31250E+00 0.11194E+03 -.56658E+00 0.17746E+01 0.62199E-01 0.62199E-01 0.17746E+01 0.17746E+01 0.00000E+00 0.00000E+00 -.71444E-04      8090469   1/0.31250E+00
 0.31250E+00 0.11194E+03 -.24946E+00 0.14510E+01 0.56243E-01 0.56243E-01 0.14510E+01 0.14510E+01 0.00000E+00 0.00000E+00 -.61386E-04      8090469   1/0.31250E+00
 0.31250E+00 0.11194E+03 0.13993E+00 0.13977E+01 0.55199E-01 0.55200E-01 0.13977E+01 0.13977E+01 0.00000E+00 0.00000E+00 0.52779E-03      8090469   1/0.31250E+00
 0.31250E+00 0.11194E+03 0.62950E+00 0.18687E+01 0.63827E-01 0.63827E-01 0.18687E+01 0.18687E+01 0.00000E+00 0.00000E+00 -.18532E-03      8090469   1/0.31250E+00
 0.33750E+00 0.11194E+03 -.82983E+00 0.17922E+01 0.55420E-01 0.55420E-01 0.17922E+01 0.17922E+01 0.00000E+00 0.00000E+00 0.47429E-03      8090469   1/0.33750E+00
 0.33750E+00 0.11194E+03 -.56658E+00 0.14226E+01 0.49377E-01 0.49377E-01 0.14226E+01 0.14226E+01 0.00000E+00 0.00000E+00 -.33566E-03      8090469   1/0.33750E+00
 0.33750E+00 0.11194E+03 -.24946E+00 0.11625E+01 0.44633E-01 0.44634E-01 0.11625E+01 0.11625E+01 0.00000E+00 0.00000E+00 0.90350E-03      8090469   1/0.33750E+00
 0.33750E+00 0.11194E+03 0.13993E+00 0.11196E+01 0.43803E-01 0.43803E-01 0.11196E+01 0.11196E+01 0.00000E+00 0.00000E+00 0.38148E-03      8090469   1/0.33750E+00
 0.33750E+00 0.11194E+03 0.62950E+00 0.14983E+01 0.50673E-01 0.50673E-01 0.14983E+01 0.14983E+01 0.00000E+00 0.00000E+00 0.52118E-03      8090469   1/0.33750E+00
 0.36250E+00 0.11194E+03 -.82983E+00 0.14438E+01 0.43657E-01 0.43657E-01 0.14438E+01 0.14438E+01 0.00000E+00 0.00000E+00 -.53410E-03      8090469   1/0.36250E+00
 0.36250E+00 0.11194E+03 -.56658E+00 0.11455E+01 0.38886E-01 0.38886E-01 0.11455E+01 0.11455E+01 0.00000E+00 0.00000E+00 0.61948E-03      8090469   1/0.36250E+00
 0.36250E+00 0.11194E+03 -.24946E+00 0.93545E+00 0.35141E-01 0.35141E-01 0.93545E+00 0.93545E+00 0.00000E+00 0.00000E+00 0.43201E-04      8090469   1/0.36250E+00
 0.36250E+00 0.11194E+03 0.13993E+00 0.90084E+00 0.34484E-01 0.34484E-01 0.90083E+00 0.90083E+00 0.00000E+00 0.00000E+00 0.17627E-03      8090469   1/0.36250E+00
 0.36250E+00 0.11194E+03 0.62950E+00 0.12066E+01 0.39908E-01 0.39909E-01 0.12066E+01 0.12066E+01 0.00000E+00 0.00000E+00 0.11370E-02      8090469   1/0.36250E+00
 0.38750E+00 0.11194E+03 -.82983E+00 0.11683E+01 0.35711E-01 0.35711E-01 0.11683E+01 0.11683E+01 0.00000E+00 0.00000E+00 -.28634E-03      8090469   1/0.38750E+00
 0.38750E+00 0.11194E+03 -.56658E+00 0.92643E+00 0.31800E-01 0.31800E-01 0.92643E+00 0.92643E+00 0.00000E+00 0.00000E+00 0.13947E-03      8090469   1/0.38750E+00
 0.38750E+00 0.11194E+03 -.24946E+00 0.75615E+00 0.28730E-01 0.28730E-01 0.75615E+00 0.75615E+00 0.00000E+00 0.00000E+00 0.13305E-03      8090469   1/0.38750E+00
 0.38750E+00 0.11194E+03 0.13993E+00 0.72809E+00 0.28191E-01 0.28191E-01 0.72808E+00 0.72808E+00 0.00000E+00 0.00000E+00 0.26673E-03      8090469   1/0.38750E+00
 0.38750E+00 0.11194E+03 0.62950E+00 0.97595E+00 0.32639E-01 0.32639E-01 0.97595E+00 0.97595E+00 0.00000E+00 0.00000E+00 0.15229E-03      8090469   1/0.38750E+00
 0.41250E+00 0.11194E+03 -.82983E+00 0.94932E+00 0.29476E-01 0.29476E-01 0.94932E+00 0.94932E+00 0.00000E+00 0.00000E+00 -.33295E-04      8090469   1/0.41250E+00
 0.41250E+00 0.11194E+03 -.56658E+00 0.75242E+00 0.26242E-01 0.26242E-01 0.75242E+00 0.75242E+00 0.00000E+00 0.00000E+00 0.36657E-04      8090469   1/0.41250E+00
 0.41250E+00 0.11194E+03 -.24946E+00 0.61381E+00 0.23702E-01 0.23702E-01 0.61381E+00 0.61381E+00 0.00000E+00 0.00000E+00 0.16432E-03      8090469   1/0.41250E+00
 0.41250E+00 0.11194E+03 0.13993E+00 0.59096E+00 0.23257E-01 0.23257E-01 0.59096E+00 0.59096E+00 0.00000E+00 0.00000E+00 -.57947E-04      8090469   1/0.41250E+00
 0.41250E+00 0.11194E+03 0.62950E+00 0.79273E+00 0.26936E-01 0.26936E-01 0.79273E+00 0.79273E+00 0.00000E+00 0.00000E+00 0.19115E-04      8090469   1/0.41250E+00
 0.43750E+00 0.11194E+03 -.82983E+00 0.77313E+00 0.24831E-01 0.24831E-01 0.77313E+00 0.77313E+00 0.00000E+00 0.00000E+00 -.14177E-03      8090469   1/0.43750E+00
 0.43750E+00 0.11194E+03 -.56658E+00 0.61251E+00 0.22102E-01 0.22102E-01 0.61251E+00 0.61251E+00 0.00000E+00 0.00000E+00 0.13689E-03      8090469   1/0.43750E+00
 0.43750E+00 0.11194E+03 -.24946E+00 0.49943E+00 0.19958E-01 0.19958E-01 0.49943E+00 0.49943E+00 0.00000E+00 0.00000E+00 -.40562E-04      8090469   1/0.43750E+00
 0.43750E+00 0.11194E+03 0.13993E+00 0.48080E+00 0.19582E-01 0.19582E-01 0.48079E+00 0.48079E+00 0.00000E+00 0.00000E+00 0.26763E-03      8090469   1/0.43750E+00
 0.43750E+00 0.11194E+03 0.62950E+00 0.64539E+00 0.22687E-01 0.22687E-01 0.64539E+00 0.64539E+00 0.00000E+00 0.00000E+00 -.43929E-04      8090469   1/0.43750E+00
 0.46250E+00 0.11194E+03 -.82983E+00 0.63212E+00 0.21562E-01 0.21562E-01 0.63212E+00 0.63212E+00 0.00000E+00 0.00000E+00 0.18910E-03      8090469   1/0.46250E+00
 0.46250E+00 0.11194E+03 -.56658E+00 0.50057E+00 0.19188E-01 0.19188E-01 0.50057E+00 0.50057E+00 0.00000E+00 0.00000E+00 -.10718E-03      8090469   1/0.46250E+00
 0.46250E+00 0.11194E+03 -.24946E+00 0.40797E+00 0.17322E-01 0.17322E-01 0.40797E+00 0.40797E+00 0.00000E+00 0.00000E+00 0.45781E-04      8090469   1/0.46250E+00
 0.46250E+00 0.11194E+03 0.13993E+00 0.39271E+00 0.16995E-01 0.16995E-01 0.39271E+00 0.39271E+00 0.00000E+00 0.00000E+00 0.15546E-03      8090469   1/0.46250E+00
 0.46250E+00 0.11194E+03 0.62950E+00 0.52750E+00 0.19697E-01 0.19697E-01 0.52750E+00 0.52750E+00 0.00000E+00 0.00000E+00 -.11027E-03      8090469   1/0.46250E+00
 0.48750E+00 0.11194E+03 -.82983E+00 0.51862E+00 0.17724E-01 0.17724E-01 0.51862E+00 0.51862E+00 0.00000E+00 0.00000E+00 -.23714E-03      8090469   1/0.48750E+00
 0.48750E+00 0.11194E+03 -.56658E+00 0.41052E+00 0.15769E-01 0.15769E-01 0.41052E+00 0.41052E+00 0.00000E+00 0.00000E+00 -.17326E-03      8090469   1/0.48750E+00
 0.48750E+00 0.11194E+03 -.24946E+00 0.33442E+00 0.14233E-01 0.14233E-01 0.33442E+00 0.33442E+00 0.00000E+00 0.00000E+00 -.18338E-03      8090469   1/0.48750E+00
 0.48750E+00 0.11194E+03 0.13993E+00 0.32188E+00 0.13963E-01 0.13963E-01 0.32188E+00 0.32188E+00 0.00000E+00 0.00000E+00 -.40879E-04      8090469   1/0.48750E+00
 0.48750E+00 0.11194E+03 0.62950E+00 0.43266E+00 0.16189E-01 0.16189E-01 0.43265E+00 0.43265E+00 0.00000E+00 0.00000E+00 0.39291E-03      8090469   1/0.48750E+00
 0.51250E+00 0.11194E+03 -.82983E+00 0.42608E+00 0.15331E-01 0.15331E-01 0.42608E+00 0.42608E+00 0.00000E+00 0.00000E+00 0.12191E-04      8090469   1/0.51250E+00
 0.51250E+00 0.11194E+03 -.56658E+00 0.33713E+00 0.13637E-01 0.13637E-01 0.33713E+00 0.33713E+00 0.00000E+00 0.00000E+00 -.14308E-03      8090469   1/0.51250E+00
 0.51250E+00 0.11194E+03 -.24946E+00 0.27452E+00 0.12305E-01 0.12305E-01 0.27452E+00 0.27452E+00 0.00000E+00 0.00000E+00 0.37523E-03      8090469   1/0.51250E+00
 0.51250E+00 0.11194E+03 0.13993E+00 0.26420E+00 0.12072E-01 0.12072E-01 0.26420E+00 0.26420E+00 0.00000E+00 0.00000E+00 0.36745E-03      8090469   1/0.51250E+00
 0.51250E+00 0.11194E+03 0.62950E+00 0.35534E+00 0.14000E-01 0.14000E-01 0.35534E+00 0.35534E+00 0.00000E+00 0.00000E+00 -.11895E-03      8090469   1/0.51250E+00
 0.53750E+00 0.11194E+03 -.82983E+00 0.35110E+00 0.12466E-01 0.12466E-01 0.35110E+00 0.35110E+00 0.00000E+00 0.00000E+00 0.83014E-05      8090469   1/0.53750E+00
 0.53750E+00 0.11194E+03 -.56658E+00 0.27769E+00 0.11087E-01 0.11087E-01 0.27769E+00 0.27769E+00 0.00000E+00 0.00000E+00 0.13494E-03      8090469   1/0.53750E+00
 0.53750E+00 0.11194E+03 -.24946E+00 0.22601E+00 0.10002E-01 0.10002E-01 0.22601E+00 0.22601E+00 0.00000E+00 0.00000E+00 0.86620E-04      8090469   1/0.53750E+00
 0.53750E+00 0.11194E+03 0.13993E+00 0.21749E+00 0.98117E-02 0.98117E-02 0.21749E+00 0.21749E+00 0.00000E+00 0.00000E+00 -.19074E-03      8090469   1/0.53750E+00
 0.53750E+00 0.11194E+03 0.62950E+00 0.29272E+00 0.11383E-01 0.11383E-01 0.29272E+00 0.29272E+00 0.00000E+00 0.00000E+00 0.21627E-03      8090469   1/0.53750E+00
 0.56250E+00 0.11194E+03 -.82983E+00 0.29029E+00 0.10503E-01 0.10503E-01 0.29029E+00 0.29029E+00 0.00000E+00 0.00000E+00 0.33508E-03      8090469   1/0.56250E+00
 0.56250E+00 0.11194E+03 -.56658E+00 0.22949E+00 0.93388E-02 0.93388E-02 0.22949E+00 0.22949E+00 0.00000E+00 0.00000E+00 0.24416E-03      8090469   1/0.56250E+00
 0.56250E+00 0.11194E+03 -.24946E+00 0.18669E+00 0.84229E-02 0.84230E-02 0.18669E+00 0.18669E+00 0.00000E+00 0.00000E+00 0.32580E-03      8090469   1/0.56250E+00
 0.56250E+00 0.11194E+03 0.13993E+00 0.17963E+00 0.82625E-02 0.82624E-02 0.17963E+00 0.17963E+00 0.00000E+00 0.00000E+00 -.40226E-03      8090469   1/0.56250E+00
 0.56250E+00 0.11194E+03 0.62950E+00 0.24194E+00 0.95886E-02 0.95887E-02 0.24193E+00 0.24193E+00 0.00000E+00 0.00000E+00 0.55769E-03      8090469   1/0.56250E+00
 0.58750E+00 0.11194E+03 -.82983E+00 0.24064E+00 0.84995E-02 0.84995E-02 0.24064E+00 0.24064E+00 0.00000E+00 0.00000E+00 -.20489E-03      8090469   1/0.58750E+00
 0.58750E+00 0.11194E+03 -.56658E+00 0.19015E+00 0.75554E-02 0.75554E-02 0.19015E+00 0.19015E+00 0.00000E+00 0.00000E+00 -.23330E-04      8090469   1/0.58750E+00
 0.58750E+00 0.11194E+03 -.24946E+00 0.15461E+00 0.68126E-02 0.68127E-02 0.15461E+00 0.15461E+00 0.00000E+00 0.00000E+00 0.63676E-03      8090469   1/0.58750E+00
 0.58750E+00 0.11194E+03 0.13993E+00 0.14875E+00 0.66823E-02 0.66824E-02 0.14875E+00 0.14875E+00 0.00000E+00 0.00000E+00 0.36202E-03      8090469   1/0.58750E+00
 0.58750E+00 0.11194E+03 0.62950E+00 0.20049E+00 0.77579E-02 0.77580E-02 0.20049E+00 0.20049E+00 0.00000E+00 0.00000E+00 0.38874E-03      8090469   1/0.58750E+00
 0.61250E+00 0.11194E+03 -.82983E+00 0.19996E+00 0.73827E-02 0.73828E-02 0.19996E+00 0.19996E+00 0.00000E+00 0.00000E+00 0.57285E-03      8090469   1/0.61250E+00
 0.61250E+00 0.11194E+03 -.56658E+00 0.15792E+00 0.65611E-02 0.65611E-02 0.15792E+00 0.15792E+00 0.00000E+00 0.00000E+00 -.29372E-03      8090469   1/0.61250E+00
 0.61250E+00 0.11194E+03 -.24946E+00 0.12833E+00 0.59145E-02 0.59145E-02 0.12833E+00 0.12833E+00 0.00000E+00 0.00000E+00 -.23496E-03      8090469   1/0.61250E+00
 0.61250E+00 0.11194E+03 0.13993E+00 0.12346E+00 0.58009E-02 0.58010E-02 0.12345E+00 0.12345E+00 0.00000E+00 0.00000E+00 0.93405E-03      8090469   1/0.61250E+00
 0.61250E+00 0.11194E+03 0.62950E+00 0.16653E+00 0.67374E-02 0.67375E-02 0.16653E+00 0.16653E+00 0.00000E+00 0.00000E+00 0.40949E-03      8090469   1/0.61250E+00
 0.63750E+00 0.11194E+03 -.82983E+00 0.16625E+00 0.59786E-02 0.59786E-02 0.16625E+00 0.16625E+00 0.00000E+00 0.00000E+00 0.27102E-03      8090469   1/0.63750E+00
 0.63750E+00 0.11194E+03 -.56658E+00 0.13123E+00 0.53118E-02 0.53118E-02 0.13123E+00 0.13123E+00 0.00000E+00 0.00000E+00 -.19918E-03      8090469   1/0.63750E+00
 0.63750E+00 0.11194E+03 -.24946E+00 0.10658E+00 0.47870E-02 0.47870E-02 0.10658E+00 0.10658E+00 0.00000E+00 0.00000E+00 0.13179E-04      8090469   1/0.63750E+00
 0.63750E+00 0.11194E+03 0.13993E+00 0.10252E+00 0.46947E-02 0.46948E-02 0.10252E+00 0.10252E+00 0.00000E+00 0.00000E+00 0.59796E-03      8090469   1/0.63750E+00
 0.63750E+00 0.11194E+03 0.62950E+00 0.13840E+00 0.54550E-02 0.54550E-02 0.13840E+00 0.13840E+00 0.00000E+00 0.00000E+00 0.13702E-04      8090469   1/0.63750E+00
 0.66250E+00 0.11194E+03 -.82983E+00 0.13816E+00 0.50237E-02 0.50237E-02 0.13816E+00 0.13816E+00 0.00000E+00 0.00000E+00 0.13632E-03      8090469   1/0.66250E+00
 0.66250E+00 0.11194E+03 -.56658E+00 0.10900E+00 0.44621E-02 0.44621E-02 0.10900E+00 0.10900E+00 0.00000E+00 0.00000E+00 0.45900E-03      8090469   1/0.66250E+00
 0.66250E+00 0.11194E+03 -.24946E+00 0.88470E-01 0.40200E-02 0.40200E-02 0.88469E-01 0.88469E-01 0.00000E+00 0.00000E+00 0.18756E-03      8090469   1/0.66250E+00
 0.66250E+00 0.11194E+03 0.13993E+00 0.85086E-01 0.39424E-02 0.39424E-02 0.85086E-01 0.85086E-01 0.00000E+00 0.00000E+00 0.21336E-04      8090469   1/0.66250E+00
 0.66250E+00 0.11194E+03 0.62950E+00 0.11497E+00 0.45827E-02 0.45827E-02 0.11497E+00 0.11497E+00 0.00000E+00 0.00000E+00 0.44361E-03      8090469   1/0.66250E+00
 0.68750E+00 0.11194E+03 -.82983E+00 0.11463E+00 0.40998E-02 0.40998E-02 0.11463E+00 0.11463E+00 0.00000E+00 0.00000E+00 -.31028E-03      8090469   1/0.68750E+00
 0.68750E+00 0.11194E+03 -.56658E+00 0.90384E-01 0.36404E-02 0.36404E-02 0.90383E-01 0.90383E-01 0.00000E+00 0.00000E+00 0.14909E-03      8090469   1/0.68750E+00
 0.68750E+00 0.11194E+03 -.24946E+00 0.73314E-01 0.32787E-02 0.32787E-02 0.73314E-01 0.73314E-01 0.00000E+00 0.00000E+00 0.79643E-04      8090469   1/0.68750E+00
 0.68750E+00 0.11194E+03 0.13993E+00 0.70501E-01 0.32152E-02 0.32152E-02 0.70500E-01 0.70500E-01 0.00000E+00 0.00000E+00 0.16065E-03      8090469   1/0.68750E+00
 0.68750E+00 0.11194E+03 0.62950E+00 0.95348E-01 0.37391E-02 0.37391E-02 0.95348E-01 0.95348E-01 0.00000E+00 0.00000E+00 0.11933E-03      8090469   1/0.68750E+00
 0.71250E+00 0.11194E+03 -.82983E+00 0.94822E-01 0.33634E-02 0.33634E-02 0.94821E-01 0.94821E-01 0.00000E+00 0.00000E+00 0.16137E-03      8090469   1/0.71250E+00
 0.71250E+00 0.11194E+03 -.56658E+00 0.74719E-01 0.29856E-02 0.29856E-02 0.74719E-01 0.74719E-01 0.00000E+00 0.00000E+00 0.10795E-03      8090469   1/0.71250E+00
 0.71250E+00 0.11194E+03 -.24946E+00 0.60567E-01 0.26881E-02 0.26881E-02 0.60567E-01 0.60567E-01 0.00000E+00 0.00000E+00 0.23394E-04      8090469   1/0.71250E+00
 0.71250E+00 0.11194E+03 0.13993E+00 0.58235E-01 0.26358E-02 0.26358E-02 0.58235E-01 0.58235E-01 0.00000E+00 0.00000E+00 0.15448E-03      8090469   1/0.71250E+00
 0.71250E+00 0.11194E+03 0.62950E+00 0.78835E-01 0.30667E-02 0.30667E-02 0.78834E-01 0.78834E-01 0.00000E+00 0.00000E+00 0.26469E-03      8090469   1/0.71250E+00
 0.73750E+00 0.11194E+03 -.82983E+00 0.78054E-01 0.29703E-02 0.29703E-02 0.78054E-01 0.78054E-01 0.00000E+00 0.00000E+00 0.10699E-03      8090469   1/0.73750E+00
 0.73750E+00 0.11194E+03 -.56658E+00 0.61467E-01 0.26359E-02 0.26359E-02 0.61467E-01 0.61467E-01 0.00000E+00 0.00000E+00 0.13848E-04      8090469   1/0.73750E+00
 0.73750E+00 0.11194E+03 -.24946E+00 0.49791E-01 0.23723E-02 0.23723E-02 0.49790E-01 0.49790E-01 0.00000E+00 0.00000E+00 0.24367E-03      8090469   1/0.73750E+00
 0.73750E+00 0.11194E+03 0.13993E+00 0.47866E-01 0.23260E-02 0.23260E-02 0.47866E-01 0.47866E-01 0.00000E+00 0.00000E+00 -.62256E-05      8090469   1/0.73750E+00
 0.73750E+00 0.11194E+03 0.62950E+00 0.64863E-01 0.27077E-02 0.27077E-02 0.64863E-01 0.64863E-01 0.00000E+00 0.00000E+00 0.12781E-03      8090469   1/0.73750E+00
 0.76250E+00 0.11194E+03 -.82983E+00 0.63776E-01 0.22218E-02 0.22218E-02 0.63776E-01 0.63776E-01 0.00000E+00 0.00000E+00 -.48537E-04      8090469   1/0.76250E+00
 0.76250E+00 0.11194E+03 -.56658E+00 0.50191E-01 0.19710E-02 0.19710E-02 0.50191E-01 0.50191E-01 0.00000E+00 0.00000E+00 0.18342E-03      8090469   1/0.76250E+00
 0.76250E+00 0.11194E+03 -.24946E+00 0.40627E-01 0.17733E-02 0.17733E-02 0.40627E-01 0.40627E-01 0.00000E+00 0.00000E+00 0.65157E-04      8090469   1/0.76250E+00
 0.76250E+00 0.11194E+03 0.13993E+00 0.39051E-01 0.17386E-02 0.17386E-02 0.39051E-01 0.39051E-01 0.00000E+00 0.00000E+00 0.18123E-03      8090469   1/0.76250E+00
 0.76250E+00 0.11194E+03 0.62950E+00 0.52972E-01 0.20249E-02 0.20249E-02 0.52972E-01 0.52972E-01 0.00000E+00 0.00000E+00 0.48020E-04      8090469   1/0.76250E+00
 0.78750E+00 0.11194E+03 -.82983E+00 0.51551E-01 0.16988E-02 0.16988E-02 0.51551E-01 0.51551E-01 0.00000E+00 0.00000E+00 0.14462E-03      8090469   1/0.78750E+00
 0.78750E+00 0.11194E+03 -.56658E+00 0.40543E-01 0.15065E-02 0.15065E-02 0.40542E-01 0.40542E-01 0.00000E+00 0.00000E+00 0.43619E-03      8090469   1/0.78750E+00
 0.78750E+00 0.11194E+03 -.24946E+00 0.32793E-01 0.13549E-02 0.13549E-02 0.32793E-01 0.32793E-01 0.00000E+00 0.00000E+00 0.17813E-03      8090469   1/0.78750E+00
 0.78750E+00 0.11194E+03 0.13993E+00 0.31516E-01 0.13283E-02 0.13283E-02 0.31516E-01 0.31516E-01 0.00000E+00 0.00000E+00 0.33735E-03      8090469   1/0.78750E+00
 0.78750E+00 0.11194E+03 0.62950E+00 0.42796E-01 0.15478E-02 0.15478E-02 0.42796E-01 0.42796E-01 0.00000E+00 0.00000E+00 -.14833E-04      8090469   1/0.78750E+00
 0.81250E+00 0.11194E+03 -.82983E+00 0.41036E-01 0.14770E-02 0.14770E-02 0.41036E-01 0.41036E-01 0.00000E+00 0.00000E+00 0.42948E-04      8090469   1/0.81250E+00
 0.81250E+00 0.11194E+03 -.56658E+00 0.32251E-01 0.13094E-02 0.13094E-02 0.32251E-01 0.32251E-01 0.00000E+00 0.00000E+00 0.34710E-04      8090469   1/0.81250E+00
 0.81250E+00 0.11194E+03 -.24946E+00 0.26067E-01 0.11772E-02 0.11772E-02 0.26067E-01 0.26067E-01 0.00000E+00 0.00000E+00 0.34278E-03      8090469   1/0.81250E+00
 0.81250E+00 0.11194E+03 0.13993E+00 0.25048E-01 0.11540E-02 0.11540E-02 0.25047E-01 0.25047E-01 0.00000E+00 0.00000E+00 0.55962E-03      8090469   1/0.81250E+00
 0.81250E+00 0.11194E+03 0.62950E+00 0.34050E-01 0.13455E-02 0.13455E-02 0.34049E-01 0.34049E-01 0.00000E+00 0.00000E+00 0.41140E-03      8090469   1/0.81250E+00
 0.83750E+00 0.11194E+03 -.82983E+00 0.31969E-01 0.13078E-02 0.13078E-02 0.31969E-01 0.31969E-01 0.00000E+00 0.00000E+00 0.14853E-03      8090469   1/0.83750E+00
 0.83750E+00 0.11194E+03 -.56658E+00 0.25108E-01 0.11590E-02 0.11590E-02 0.25108E-01 0.25108E-01 0.00000E+00 0.00000E+00 0.25241E-03      8090469   1/0.83750E+00
 0.83750E+00 0.11194E+03 -.24946E+00 0.20278E-01 0.10416E-02 0.10416E-02 0.20278E-01 0.20278E-01 0.00000E+00 0.00000E+00 0.28363E-03      8090469   1/0.83750E+00
 0.83750E+00 0.11194E+03 0.13993E+00 0.19482E-01 0.10209E-02 0.10209E-02 0.19482E-01 0.19482E-01 0.00000E+00 0.00000E+00 0.32013E-03      8090469   1/0.83750E+00
 0.83750E+00 0.11194E+03 0.62950E+00 0.26513E-01 0.11910E-02 0.11910E-02 0.26512E-01 0.26512E-01 0.00000E+00 0.00000E+00 0.55816E-03      8090469   1/0.83750E+00
 0.86250E+00 0.11194E+03 -.82983E+00 0.24152E-01 0.10387E-02 0.10387E-02 0.24152E-01 0.24152E-01 0.00000E+00 0.00000E+00 0.10334E-03      8090469   1/0.86250E+00
 0.86250E+00 0.11194E+03 -.56658E+00 0.18956E-01 0.92018E-03 0.92019E-03 0.18955E-01 0.18955E-01 0.00000E+00 0.00000E+00 0.55075E-03      8090469   1/0.86250E+00
 0.86250E+00 0.11194E+03 -.24946E+00 0.15298E-01 0.82663E-03 0.82665E-03 0.15297E-01 0.15297E-01 0.00000E+00 0.00000E+00 0.74123E-03      8090469   1/0.86250E+00
 0.86250E+00 0.11194E+03 0.13993E+00 0.14695E-01 0.81018E-03 0.81019E-03 0.14694E-01 0.14694E-01 0.00000E+00 0.00000E+00 0.62222E-03      8090469   1/0.86250E+00
 0.86250E+00 0.11194E+03 0.62950E+00 0.20020E-01 0.94564E-03 0.94566E-03 0.20019E-01 0.20019E-01 0.00000E+00 0.00000E+00 0.72111E-03      8090469   1/0.86250E+00
 0.88750E+00 0.11194E+03 -.82983E+00 0.17442E-01 0.76254E-03 0.76254E-03 0.17442E-01 0.17442E-01 0.00000E+00 0.00000E+00 0.40010E-04      8090469   1/0.88750E+00
 0.88750E+00 0.11194E+03 -.56658E+00 0.13680E-01 0.67532E-03 0.67532E-03 0.13680E-01 0.13680E-01 0.00000E+00 0.00000E+00 -.25563E-04      8090469   1/0.88750E+00
 0.88750E+00 0.11194E+03 -.24946E+00 0.11032E-01 0.60643E-03 0.60644E-03 0.11032E-01 0.11032E-01 0.00000E+00 0.00000E+00 0.46468E-03      8090469   1/0.88750E+00
 0.88750E+00 0.11194E+03 0.13993E+00 0.10595E-01 0.59433E-03 0.59432E-03 0.10595E-01 0.10595E-01 0.00000E+00 0.00000E+00 -.42535E-03      8090469   1/0.88750E+00
 0.88750E+00 0.11194E+03 0.62950E+00 0.14450E-01 0.69407E-03 0.69407E-03 0.14450E-01 0.14450E-01 0.00000E+00 0.00000E+00 -.25522E-03      8090469   1/0.88750E+00
 0.91250E+00 0.11194E+03 -.82983E+00 0.11746E-01 0.50957E-03 0.50958E-03 0.11746E-01 0.11746E-01 0.00000E+00 0.00000E+00 0.84887E-03      8090469   1/0.91250E+00
 0.91250E+00 0.11194E+03 -.56658E+00 0.92063E-02 0.45114E-03 0.45114E-03 0.92062E-02 0.92062E-02 0.00000E+00 0.00000E+00 0.25750E-03      8090469   1/0.91250E+00
 0.91250E+00 0.11194E+03 -.24946E+00 0.74186E-02 0.40498E-03 0.40498E-03 0.74185E-02 0.74185E-02 0.00000E+00 0.00000E+00 0.15900E-03      8090469   1/0.91250E+00
 0.91250E+00 0.11194E+03 0.13993E+00 0.71240E-02 0.39685E-03 0.39685E-03 0.71239E-02 0.71239E-02 0.00000E+00 0.00000E+00 0.21716E-03      8090469   1/0.91250E+00
 0.91250E+00 0.11194E+03 0.62950E+00 0.97262E-02 0.46370E-03 0.46370E-03 0.97261E-02 0.97261E-02 0.00000E+00 0.00000E+00 0.31221E-03      8090469   1/0.91250E+00
 0.93750E+00 0.11194E+03 -.82983E+00 0.70092E-02 0.52488E-03 0.52488E-03 0.70092E-02 0.70092E-02 0.00000E+00 0.00000E+00 0.32453E-04      8090469   1/0.93750E+00
 0.93750E+00 0.11194E+03 -.56658E+00 0.54904E-02 0.46454E-03 0.46454E-03 0.54903E-02 0.54903E-02 0.00000E+00 0.00000E+00 0.12418E-03      8090469   1/0.93750E+00
 0.93750E+00 0.11194E+03 -.24946E+00 0.44212E-02 0.41686E-03 0.41686E-03 0.44211E-02 0.44211E-02 0.00000E+00 0.00000E+00 0.17980E-03      8090469   1/0.93750E+00
 0.93750E+00 0.11194E+03 0.13993E+00 0.42450E-02 0.40847E-03 0.40847E-03 0.42449E-02 0.42449E-02 0.00000E+00 0.00000E+00 0.22607E-03      8090469   1/0.93750E+00
 0.93750E+00 0.11194E+03 0.62950E+00 0.58014E-02 0.47752E-03 0.47752E-03 0.58013E-02 0.58013E-02 0.00000E+00 0.00000E+00 0.24161E-03      8090469   1/0.93750E+00
 0.96250E+00 0.11194E+03 -.82983E+00 0.33094E-02 0.40134E-03 0.40134E-03 0.33094E-02 0.33094E-02 0.00000E+00 0.00000E+00 0.89954E-04      8090469   1/0.96250E+00
 0.96250E+00 0.11194E+03 -.56658E+00 0.25907E-02 0.35510E-03 0.35510E-03 0.25907E-02 0.25907E-02 0.00000E+00 0.00000E+00 0.39791E-04      8090469   1/0.96250E+00
 0.96250E+00 0.11194E+03 -.24946E+00 0.20848E-02 0.31854E-03 0.31854E-03 0.20848E-02 0.20848E-02 0.00000E+00 0.00000E+00 0.13007E-03      8090469   1/0.96250E+00
 0.96250E+00 0.11194E+03 0.13993E+00 0.20014E-02 0.31211E-03 0.31211E-03 0.20014E-02 0.20014E-02 0.00000E+00 0.00000E+00 0.74224E-04      8090469   1/0.96250E+00
 0.96250E+00 0.11194E+03 0.62950E+00 0.27379E-02 0.36503E-03 0.36504E-03 0.27378E-02 0.27378E-02 0.00000E+00 0.00000E+00 0.22978E-03      8090469   1/0.96250E+00
 0.98750E+00 0.11194E+03 -.82983E+00 0.58190E-03 0.33999E-03 0.33999E-03 0.58189E-03 0.58189E-03 0.00000E+00 0.00000E+00 0.28189E-04      8090469   1/0.98750E+00
 0.98750E+00 0.11194E+03 -.56658E+00 0.45535E-03 0.30075E-03 0.30075E-03 0.45535E-03 0.45535E-03 0.00000E+00 0.00000E+00 0.12449E-04      8090469   1/0.98750E+00
 0.98750E+00 0.11194E+03 -.24946E+00 0.36627E-03 0.26974E-03 0.26974E-03 0.36626E-03 0.36626E-03 0.00000E+00 0.00000E+00 0.25782E-04      8090469   1/0.98750E+00
 0.98750E+00 0.11194E+03 0.13993E+00 0.35159E-03 0.26427E-03 0.26427E-03 0.35158E-03 0.35158E-03 0.00000E+00 0.00000E+00 0.33044E-04      8090469   1/0.98750E+00
 0.98750E+00 0.11194E+03 0.62950E+00 0.48126E-03 0.30919E-03 0.30919E-03 0.48125E-03 0.48125E-03 0.00000E+00 0.00000E+00 0.23241E-04      8090469   1/0.98750E+00
