SetDesc: ...
Authors: ...
Reference: ...
Format: lhagrid1
DataVersion: 1
NumMembers: 1
Flavors: [-6, -5, -4, -3, -2, -1, 21, 1, 2, 3, 4, 5, 6]
OrderQCD: 2
FlavorScheme: variable
ErrorType: symmhessian
XMin: 0.0001
XMax: 1
QMin: 1
QMax: 1000
MZ: 91.1876
MUp: 0
MDown: 0
MStrange: 0
MCharm: 1.43
MBottom: 4.5
MTop: 173
AlphaS_MZ: 0.118
AlphaS_OrderQCD: 2
AlphaS_Type: ipol
AlphaS_Qs: [1, 1.02023, 1.04118, 1.06286, 1.08532, 1.10859, 1.13271, 1.15771, 1.18363, 1.21052, 1.23843, 1.2674, 1.29747, 1.32871, 1.36118, 1.39492, 1.43, 1.43, 1.469, 1.50968, 1.55215, 1.5965, 1.64282, 1.69124, 1.74186, 1.79482, 1.85024, 1.90826, 1.96905, 2.03275, 2.09955, 2.16962, 2.24317, 2.3204, 2.40155, 2.48685, 2.57657, 2.67098, 2.7704, 2.87513, 2.98553, 3.10198, 3.22486, 3.35463, 3.49175, 3.63671, 3.79007, 3.95242, 4.12438, 4.30666, 4.5, 4.5, 4.70796, 4.92901, 5.16414, 5.41443, 5.68106, 5.96529, 6.26852, 6.59228, 6.93822, 7.30815, 7.70405, 8.1281, 8.58268, 9.0704, 9.59411, 10.157, 10.7624, 11.4143, 12.1168, 12.8746, 13.6927, 14.5768, 15.5332, 16.5688, 17.6913, 18.9092, 20.232, 21.6702, 23.2356, 24.9412, 26.8017, 28.8333, 31.0545, 33.4855, 36.1494, 39.072, 42.2821, 45.8126, 49.7, 53.9861, 58.7176, 63.9477, 69.7367, 76.1527, 83.2736, 91.1876, 98.4357, 106.365, 115.049, 124.569, 135.015, 146.49, 159.109, 173, 173, 190.787, 210.71, 233.061, 258.171, 286.426, 318.266, 354.205, 394.833, 440.837, 493.014, 552.291, 619.746, 696.64, 784.447, 884.892, 1000]
AlphaS_Vals: [0.450741, 0.443553, 0.436514, 0.42962, 0.422866, 0.416248, 0.409761, 0.403403, 0.397169, 0.391056, 0.385061, 0.37918, 0.373411, 0.367749, 0.362193, 0.356739, 0.351387, 0.351384, 0.3463, 0.341296, 0.336371, 0.331522, 0.32675, 0.322051, 0.317426, 0.312872, 0.308387, 0.303972, 0.299624, 0.295342, 0.291125, 0.286972, 0.282882, 0.278852, 0.274884, 0.270974, 0.267123, 0.263329, 0.259591, 0.255909, 0.252281, 0.248706, 0.245183, 0.241712, 0.238292, 0.234922, 0.2316, 0.228327, 0.225101, 0.221922, 0.218789, 0.218788, 0.215956, 0.213157, 0.21039, 0.207655, 0.204953, 0.202281, 0.199641, 0.197031, 0.194453, 0.191904, 0.189385, 0.186897, 0.184437, 0.182007, 0.179605, 0.177232, 0.174888, 0.172571, 0.170282, 0.168021, 0.165787, 0.163579, 0.161399, 0.159244, 0.157116, 0.155014, 0.152937, 0.150885, 0.148859, 0.146857, 0.14488, 0.142927, 0.140998, 0.139093, 0.137212, 0.135354, 0.133519, 0.131706, 0.129917, 0.128149, 0.126404, 0.12468, 0.122978, 0.121298, 0.119638, 0.118, 0.116655, 0.115324, 0.114007, 0.112704, 0.111414, 0.110139, 0.108877, 0.107628, 0.107628, 0.106204, 0.104798, 0.103409, 0.102038, 0.100683, 0.0993447, 0.0980231, 0.0967179, 0.0954288, 0.0941557, 0.0928985, 0.0916569, 0.0904308, 0.08922, 0.0880243, 0.0868436]
