# EW parameters
Mz : 91.1876
Mw : 80.398
Mh : 125.9

Wz : 2.4952
Ww : 2.085
Wh : 1d-3
Wtp: 2.0d0

gf : 1.1663787e-5
convFac : 0.389379338e9
alphaem : 0.007496252

sin2thW :  0.23126
Vud : 0.97428 
Vus : 0.22530 
Vub : 0.003470
Vcd : 0.22520 
Vcs : 0.97345 
Vcb : 0.041000
Vtd : 0.00862 
Vts : 0.04030 
Vtb : 0.999152

# lepton masses:
men : 1e-10
mel : 0.510998928e-3
mmn : 1e-10
mmo : 0.1056583715
mtn : 1e-10
mta : 1.77682

# light quark masses:
mup : 0.06983
mdn : 0.06983
mst : 0.150

# heavy quark masses:
mch : 1.51
mbt : 4.92
mtp : 172.5

# QCD parameters
Order: NLO
NFlavour: 5
