SetDesc: "..."
Authors: "..."
Reference: "..."
Format: lhagrid1
DataVersion: 1
NumMembers: 1
Flavors: [-6, -5, -4, -3, -2, -1, 1, 2, 3, 4, 5, 6, 21, ]
OrderQCD: 2
FlavorScheme: variable
ErrorType: symmhessian
XMin: 9.9e-07
XMax: 0.99085
QMin: 1
QMax: 14317.8
MZ: 91.1876
MUp: 0
MDown: 0
MStrange: 0
MCharm: 1.43
MBottom: 4.5
MTop: 173
AlphaS_MZ: 0.118
AlphaS_OrderQCD: 2
AlphaS_Type: ipol
AlphaS_Qs: [1, 1.11291, 1.23856, 1.3784, 1.40397, 1.43, 1.43, 1.50649, 1.58708, 1.67197, 1.7614, 1.85562, 1.95488, 2.05945, 2.16961, 2.28567, 2.40793, 2.53673, 2.67242, 2.81537, 2.96597, 3.12462, 3.29176, 3.46784, 3.65334, 3.84876, 4.05463, 4.27151, 4.5, 4.5, 4.8708, 5.27215, 5.70657, 6.17678, 6.68574, 7.23664, 7.83294, 8.47837, 9.17698, 9.93315, 10.7516, 11.6376, 12.5965, 13.6344, 14.7579, 15.9739, 17.2902, 18.7149, 20.257, 21.9261, 23.7328, 25.6884, 27.8051, 30.0962, 32.5761, 35.2603, 38.1657, 41.3106, 44.7145, 48.399, 52.387, 56.7037, 61.376, 66.4333, 71.9074, 77.8325, 84.2458, 91.1876, 100.139, 109.968, 120.763, 132.617, 145.634, 159.93, 175.628, 175.628, 192.868, 211.8, 232.59, 255.421, 280.493, 308.027, 338.263, 371.466, 407.929, 447.972, 491.945, 540.234, 593.263, 651.498, 715.449, 785.677, 862.799, 947.491, 1040.5, 1142.63, 1254.79, 1377.96, 1513.22, 1661.76, 1824.88, 2004.01, 2200.72, 2416.75, 2653.97, 2914.49, 3200.57, 3514.74, 3859.75, 4238.62, 4654.68, 5111.58, 5613.34, 6164.34, 6769.43, 7433.92, 8163.63, 8964.97, 9844.98, 10811.4, 11872.6, 13038, 14317.8]
AlphaS_Vals: [0.46685, 0.425953, 0.392469, 0.364443, 0.36008, 0.357159, 0.357157, 0.346794, 0.337072, 0.327925, 0.319306, 0.311168, 0.303468, 0.296171, 0.289245, 0.28266, 0.27639, 0.270414, 0.264708, 0.259256, 0.254039, 0.249042, 0.244251, 0.239652, 0.235235, 0.230987, 0.2269, 0.222964, 0.21948, 0.21948, 0.214504, 0.209757, 0.205225, 0.200892, 0.196747, 0.192775, 0.188967, 0.185312, 0.181801, 0.178426, 0.175177, 0.172049, 0.169035, 0.166128, 0.163323, 0.160614, 0.157996, 0.155465, 0.153016, 0.150646, 0.148349, 0.146125, 0.143968, 0.141875, 0.139844, 0.137872, 0.135956, 0.134095, 0.132285, 0.130524, 0.128812, 0.127144, 0.12552, 0.123938, 0.122397, 0.120895, 0.119429, 0.118, 0.116354, 0.114755, 0.1132, 0.111687, 0.110216, 0.108782, 0.107443, 0.107443, 0.10622, 0.105019, 0.103847, 0.102701, 0.10158, 0.100484, 0.0994115, 0.0983619, 0.0973345, 0.0963286, 0.0953437, 0.0943789, 0.0934337, 0.0925075, 0.0915997, 0.0907098, 0.0898372, 0.0889815, 0.088142, 0.0873185, 0.0865105, 0.0857174, 0.0849389, 0.0841746, 0.083424, 0.0826869, 0.0819628, 0.0812515, 0.0805526, 0.0798656, 0.0791905, 0.0785268, 0.0778742, 0.0772325, 0.0766015, 0.0759808, 0.0753701, 0.0747692, 0.074178, 0.0735962, 0.0730235, 0.0724597, 0.0719047, 0.0713582, 0.07082, 0.0702901, 0.0697679]
