  MINUIT RELEASE 96.03  INITIALIZED.   DIMENSIONS 200/ 50  EPSMAC=  0.89E-15

 PARAMETER DEFINITIONS:
    NO.   NAME         VALUE      STEP SIZE      LIMITS
     1 'Ag        '    1.0000      constant
     2 'As        '    15.580      0.50000         no limits
     3 'Av        '    1.0000      constant
     4 'ZERO      '    0.0000      constant
     5 'delBg     '    0.0000      0.20000         no limits
     6 'delBs     '    0.0000      0.30000         no limits
     7 'delBv     '    0.0000      0.30000E-01     no limits
     8 'delCg     '    0.0000       1.0000         no limits
     9 'delCs     '    0.0000       3.0000         no limits
    10 'delCv     '    0.0000      0.40000E-01     no limits
    11 'delDg     '    0.0000      constant
    12 'delDs     '    0.0000      constant
    13 'delDv     '    0.0000      constant
    14 'delEg     '    0.0000      constant
    15 'delEs     '    0.0000      0.10000         no limits
    16 'delEv     '    0.0000      0.10000         no limits
    17 'delFs     '    0.0000      0.10000         no limits
    18 'delFv     '    0.0000      0.10000         no limits
    19 'delGs     '    0.0000      constant
    20 'delGv     '    0.0000      constant
    21 'gifl      '    0.0000      constant
    22 'sifl      '    1.0000      constant
    23 'vifl      '    2.0000      constant
 **********
 **    1 **MINIMIZE #UNCOMMENT 
 **********

 FIRST CALL TO USER FUNCTION AT NEW START POINT, WITH IFLAG=4.
 START MIGRAD MINIMIZATION.  STRATEGY 1.  CONVERGENCE WHEN EDM .LT. 0.10E-03

 FCN=   1548.568     FROM MIGRAD    STATUS=INITIATE      46 CALLS       47 TOTAL
                     EDM= unknown      STRATEGY= 1      NO ERROR MATRIX       

  EXT PARAMETER               CURRENT GUESS       STEP         FIRST   
  NO.   NAME        VALUE          ERROR          SIZE      DERIVATIVE 
   1    Ag          1.0000       constant   
   2    As          15.580       0.50000       0.50000        377.75    
   3    Av          1.0000       constant   
   4    ZERO        0.0000       constant   
   5    delBg       0.0000       0.20000       0.20000       -2007.9    
   6    delBs       0.0000       0.30000       0.30000       -5922.0    
   7    delBv       0.0000       0.30000E-01   0.30000E-01    21660.    
   8    delCg       0.0000        1.0000        1.0000        288.37    
   9    delCs       0.0000        3.0000        3.0000       -2154.1    
  10    delCv       0.0000       0.40000E-01   0.40000E-01   -5370.2    
  11    delDg       0.0000       constant   
  12    delDs       0.0000       constant   
  13    delDv       0.0000       constant   
  14    delEg       0.0000       constant   
  15    delEs       0.0000       0.10000       0.10000        4136.7    
  16    delEv       0.0000       0.10000       0.10000       -6389.2    
  17    delFs       0.0000       0.10000       0.10000        2089.9    
  18    delFv       0.0000       0.10000       0.10000        5721.6    
  19    delGs       0.0000       constant   
  20    delGv       0.0000       constant   
  21    gifl        0.0000       constant   
  22    sifl        1.0000       constant   
  23    vifl        2.0000       constant   
 CALL LIMIT EXCEEDED IN MIGRAD.
 MIGRAD TERMINATED WITHOUT CONVERGENCE.

 FCN=   441.4589     FROM MIGRAD    STATUS=CALL LIMIT  1915 CALLS     1916 TOTAL
                     EDM=  0.90E-01  STRATEGY=1  ERROR MATRIX UNCERTAINTY= 16.7%

  EXT PARAMETER                APPROXIMATE        STEP         FIRST   
  NO.   NAME        VALUE          ERROR          SIZE      DERIVATIVE 
   1    Ag          1.0000       constant   
   2    As          12.288       0.87926       0.18266      -0.77546    
   3    Av          1.0000       constant   
   4    ZERO        0.0000       constant   
   5    delBg     -0.10442E-01   0.20072      -0.45759E-01   -1.5988    
   6    delBs      0.19882       0.12754      -0.17751E-01    15.994    
   7    delBv      0.10750       0.85594E-01  -0.32966E-01    25.971    
   8    delCg       5.5136       0.86772      -0.30305      -0.21133    
   9    delCs     -0.26953       0.49019       0.17183       0.91187    
  10    delCv      0.93655       0.44977E-01  -0.12036E-01   -11.102    
  11    delDg       0.0000       constant   
  12    delDs       0.0000       constant   
  13    delDv       0.0000       constant   
  14    delEg       0.0000       constant   
  15    delEs      0.16353       0.23878       0.80228E-01   -11.550    
  16    delEv     -0.76599       0.17228      -0.55411E-01   -36.510    
  17    delFs     -0.33211       0.14376       0.41681E-01  -0.34270    
  18    delFv     -0.88563       0.88648E-01  -0.98552E-02    22.795    
  19    delGs       0.0000       constant   
  20    delGv       0.0000       constant   
  21    gifl        0.0000       constant   
  22    sifl        1.0000       constant   
  23    vifl        2.0000       constant   

 EXTERNAL ERROR MATRIX.    NDIM=  50    NPAR= 11    ERR DEF=  1.00    
  0.773E+00
 -0.924E-01 0.403E-01
 -0.510E-01 0.140E-01 0.163E-01
 -0.528E-01 0.692E-02 0.412E-02 0.733E-02
 -0.571E+00 0.797E-01 0.504E-01 0.724E-01 0.753E+00
  0.554E-01-0.326E-01-0.349E-01-0.292E-01-0.286E+00 0.240E+00
 -0.779E-02-0.444E-03-0.112E-02 0.133E-02 0.611E-02-0.213E-02 0.202E-02
  0.850E-02-0.290E-02 0.633E-02-0.133E-01-0.124E+00 0.738E-01-0.253E-02 0.570E-01
 -0.103E+00 0.175E-01 0.121E-01 0.134E-01 0.145E+00-0.614E-01-0.309E-03-0.236E-01 0.297E-01
  0.259E-01-0.947E-02-0.767E-02-0.732E-02-0.852E-01 0.534E-01 0.146E-02 0.217E-01-0.196E-01 0.207E-01
 -0.450E-01 0.829E-02 0.665E-02 0.412E-02 0.548E-01-0.182E-01-0.195E-02-0.445E-02 0.126E-01-0.965E-02 0.786E-02
 ERR MATRIX APPROXIMATE

 PARAMETER  CORRELATION COEFFICIENTS
       NO.  GLOBAL     2     5     6     7     8     9    10    15    16    17    18
        2  0.99600  1.000-0.524-0.455-0.702-0.748 0.129-0.197 0.040-0.678 0.205-0.578
        5  0.75398 -0.524 1.000 0.547 0.403 0.457-0.331-0.049-0.060 0.506-0.328 0.466
        6  0.99801 -0.455 0.547 1.000 0.378 0.456-0.558-0.194 0.208 0.552-0.418 0.588
        7  0.99934 -0.702 0.403 0.378 1.000 0.974-0.697 0.346-0.653 0.910-0.595 0.543
        8  0.99920 -0.748 0.457 0.456 0.974 1.000-0.673 0.156-0.600 0.972-0.683 0.712
        9  0.99833  0.129-0.331-0.558-0.697-0.673 1.000-0.096 0.630-0.727 0.757-0.419
       10  0.98464 -0.197-0.049-0.194 0.346 0.156-0.096 1.000-0.236-0.040 0.225-0.490
       15  0.99777  0.040-0.060 0.208-0.653-0.600 0.630-0.236 1.000-0.574 0.632-0.210
       16  0.99973 -0.678 0.506 0.552 0.910 0.972-0.727-0.040-0.574 1.000-0.792 0.825
       17  0.98205  0.205-0.328-0.418-0.595-0.683 0.757 0.225 0.632-0.792 1.000-0.757
       18  0.99720 -0.578 0.466 0.588 0.543 0.712-0.419-0.490-0.210 0.825-0.757 1.000
 ERR MATRIX APPROXIMATE
 **********
 **    2 **CALL FCN    3.000    
 **********
 **********
 **    3 **MIGRAD   0.1000E+05
 **********
 START MIGRAD MINIMIZATION.  STRATEGY 1.  CONVERGENCE WHEN EDM .LT. 0.10E-03

 FCN=   441.4589     FROM MIGRAD    STATUS=INITIATE      22 CALLS     1939 TOTAL
                     EDM=  0.85E-01  STRATEGY=1  ERROR MATRIX UNCERTAINTY= 16.7%

  EXT PARAMETER                APPROXIMATE        STEP         FIRST   
  NO.   NAME        VALUE          ERROR          SIZE      DERIVATIVE 
   1    Ag          1.0000       constant   
   2    As          12.288       0.87926       0.18266      -0.77546    
   3    Av          1.0000       constant   
   4    ZERO        0.0000       constant   
   5    delBg     -0.10442E-01   0.20072      -0.45759E-01   -1.5988    
   6    delBs      0.19882       0.12754      -0.17751E-01    15.994    
   7    delBv      0.10750       0.85594E-01  -0.32966E-01    25.972    
   8    delCg       5.5136       0.86772      -0.30305      -0.21133    
   9    delCs     -0.26953       0.49019       0.17183       0.91187    
  10    delCv      0.93655       0.44977E-01  -0.12036E-01   -11.102    
  11    delDg       0.0000       constant   
  12    delDs       0.0000       constant   
  13    delDv       0.0000       constant   
  14    delEg       0.0000       constant   
  15    delEs      0.16353       0.23878       0.80228E-01   -11.550    
  16    delEv     -0.76599       0.17228      -0.55411E-01   -36.510    
  17    delFs     -0.33211       0.14376       0.41681E-01  -0.34270    
  18    delFv     -0.88563       0.88648E-01  -0.98552E-02    22.795    
  19    delGs       0.0000       constant   
  20    delGv       0.0000       constant   
  21    gifl        0.0000       constant   
  22    sifl        1.0000       constant   
  23    vifl        2.0000       constant   
 MIGRAD FAILS TO FIND IMPROVEMENT

 MIGRAD MINIMIZATION HAS CONVERGED.

 FCN=   440.5140     FROM MIGRAD    STATUS=CONVERGED    880 CALLS     2797 TOTAL
                     EDM=  0.11E-04  STRATEGY=1  ERROR MATRIX UNCERTAINTY=  1.4%

  EXT PARAMETER                                   STEP         FIRST   
  NO.   NAME        VALUE          ERROR          SIZE      DERIVATIVE 
   1    Ag          1.0000       constant   
   2    As          11.205        1.1631        0.0000       0.90107E-02
   3    Av          1.0000       constant   
   4    ZERO        0.0000       constant   
   5    delBg      0.62563E-01   0.21612       -0.0000      -0.39809E-02
   6    delBs      0.18789       0.19498       -0.0000       0.17767    
   7    delBv      0.89768E-01   0.72660E-01    0.0000      -0.22663    
   8    delCg       7.1364       0.32379E-01   -0.0000       0.13800    
   9    delCs      0.20383        1.1581       -0.0000       0.42948E-01
  10    delCv      0.95963       0.52738E-01    0.0000       0.36942E-01
  11    delDg       0.0000       constant   
  12    delDs       0.0000       constant   
  13    delDv       0.0000       constant   
  14    delEg       0.0000       constant   
  15    delEs      0.50901       0.54468       -0.0000      -0.54025E-01
  16    delEv     -0.83341       0.15099        0.0000       0.14922    
  17    delFs     -0.10832       0.43933       -0.0000       0.12700E-01
  18    delFv     -0.91413       0.76763E-01   -0.0000      -0.16549    
  19    delGs       0.0000       constant   
  20    delGv       0.0000       constant   
  21    gifl        0.0000       constant   
  22    sifl        1.0000       constant   
  23    vifl        2.0000       constant   

 EXTERNAL ERROR MATRIX.    NDIM=  50    NPAR= 11    ERR DEF=  1.00    
  0.135E+01
 -0.210E-02 0.467E-01
  0.942E-01 0.229E-01 0.380E-01
  0.162E-01 0.255E-02 0.516E-02 0.528E-02
  0.271E-03-0.683E-04-0.154E-03 0.100E-03 0.105E-02
 -0.113E+01-0.556E-01-0.151E+00-0.546E-01-0.801E-03 0.134E+01
 -0.128E-01-0.245E-02-0.322E-02 0.126E-02 0.518E-04 0.553E-02 0.278E-02
 -0.397E+00 0.140E-01-0.230E-02-0.269E-01-0.856E-03 0.461E+00-0.325E-02 0.297E+00
  0.430E-01 0.104E-01 0.165E-01 0.962E-02 0.133E-03-0.121E+00-0.110E-02-0.498E-01 0.228E-01
 -0.404E+00-0.197E-01-0.519E-01-0.199E-01-0.371E-03 0.484E+00 0.578E-02 0.184E+00-0.507E-01 0.193E+00
 -0.152E-02 0.620E-02 0.770E-02 0.163E-02-0.581E-05-0.232E-01-0.274E-02-0.340E-02 0.808E-02-0.155E-01 0.589E-02

 PARAMETER  CORRELATION COEFFICIENTS
       NO.  GLOBAL     2     5     6     7     8     9    10    15    16    17    18
        2  0.99764  1.000-0.008 0.415 0.191 0.007-0.839-0.209-0.626 0.245-0.791-0.017
        5  0.70524 -0.008 1.000 0.543 0.162-0.010-0.222-0.215 0.119 0.320-0.207 0.374
        6  0.99916  0.415 0.543 1.000 0.364-0.024-0.668-0.313-0.022 0.562-0.606 0.515
        7  0.99896  0.191 0.162 0.364 1.000 0.043-0.649 0.329-0.680 0.877-0.623 0.293
        8  0.19593  0.007-0.010-0.024 0.043 1.000-0.021 0.030-0.049 0.027-0.026-0.002
        9  0.99970 -0.839-0.222-0.668-0.649-0.021 1.000 0.091 0.731-0.692 0.951-0.261
       10  0.98259 -0.209-0.215-0.313 0.329 0.030 0.091 1.000-0.113-0.138 0.250-0.677
       15  0.99916 -0.626 0.119-0.022-0.680-0.049 0.731-0.113 1.000-0.605 0.767-0.081
       16  0.99961  0.245 0.320 0.562 0.877 0.027-0.692-0.138-0.605 1.000-0.764 0.697
       17  0.99549 -0.791-0.207-0.606-0.623-0.026 0.951 0.250 0.767-0.764 1.000-0.460
       18  0.99665 -0.017 0.374 0.515 0.293-0.002-0.261-0.677-0.081 0.697-0.460 1.000
 **********
 **    4 **#SCAN #UNCOMMENT TO 
 **********
           UNKNOWN COMMAND IGNORED:#SCAN #UNCOMMENT To 
 **********
 **    5 **#SCAN    4.000    
 **********
           UNKNOWN COMMAND IGNORED:#SCAN 
 **********
 **    6 **#SCAN    5.000    
 **********
           UNKNOWN COMMAND IGNORED:#SCAN 
 **********
 **    7 **#SCAN    6.000    
 **********
           UNKNOWN COMMAND IGNORED:#SCAN 
