SetDesc: ...
Authors: ...
Reference: ...
Format: lhagrid1
DataVersion: 1
NumMembers: 1
Flavors: [-6, -5, -4, -3, -2, -1, 21, 1, 2, 3, 4, 5, 6]
OrderQCD: 1
FlavorScheme: fixed
ErrorType: symmhessian
XMin: 9.9e-07
XMax: 0.99085
QMin: 1
QMax: 14317.8
MZ: 91.188
MUp: 0
MDown: 0
MStrange: 0
MCharm: 1.709
MBottom: 4.673
MTop: 173
AlphaS_MZ: 0.1059
AlphaS_OrderQCD: 2
AlphaS_Type: ipol
AlphaS_Qs: [1, 1.08776, 1.18322, 1.21716, 1.25207, 1.28799, 1.32494, 1.36295, 1.40204, 1.44226, 1.48364, 1.5262, 1.56998, 1.61501, 1.66134, 1.709, 1.709, 1.80722, 1.91109, 2.02093, 2.13708, 2.25991, 2.38979, 2.52714, 2.67239, 2.82598, 2.9884, 3.16015, 3.34178, 3.53385, 3.73695, 3.95173, 4.17885, 4.41902, 4.673, 4.673, 5.08701, 5.5377, 6.02832, 6.56241, 7.14382, 7.77673, 8.46573, 9.21576, 10.0322, 10.9211, 11.8886, 12.9419, 14.0885, 15.3367, 16.6955, 18.1747, 19.7849, 21.5377, 23.4459, 25.5231, 27.7844, 30.246, 32.9257, 35.8428, 39.0183, 42.4752, 46.2384, 50.3349, 54.7944, 59.649, 64.9337, 70.6866, 76.9492, 83.7666, 91.188, 100.692, 111.187, 122.775, 135.571, 149.701, 165.304, 182.533, 182.533, 201.557, 222.565, 245.762, 271.376, 299.66, 330.892, 365.38, 403.462, 445.512, 491.946, 543.219, 599.836, 662.354, 731.388, 807.617, 891.791, 984.738, 1087.37, 1200.7, 1325.85, 1464.03, 1616.62, 1785.12, 1971.17, 2176.62, 2403.47, 2653.98, 2930.59, 3236.03, 3573.3, 3945.73, 4356.98, 4811.08, 5312.52, 5866.22, 6477.63, 7152.76, 7898.25, 8721.45, 9630.45, 10634.2, 11742.5, 12966.4, 14317.8]
AlphaS_Vals: [0.441675, 0.41431, 0.390399, 0.383019, 0.375935, 0.369131, 0.362588, 0.356292, 0.350228, 0.344383, 0.338744, 0.333302, 0.328044, 0.322963, 0.318047, 0.313291, 0.313289, 0.304326, 0.295895, 0.287949, 0.280446, 0.273349, 0.266624, 0.260242, 0.254177, 0.248404, 0.242903, 0.237654, 0.23264, 0.227844, 0.223253, 0.218853, 0.214632, 0.210579, 0.206684, 0.206684, 0.201048, 0.195726, 0.190692, 0.185922, 0.181395, 0.177092, 0.172998, 0.169097, 0.165375, 0.16182, 0.15842, 0.155166, 0.152048, 0.149057, 0.146186, 0.143428, 0.140775, 0.138223, 0.135764, 0.133394, 0.131108, 0.128902, 0.126772, 0.124712, 0.122721, 0.120794, 0.118929, 0.117122, 0.115371, 0.113673, 0.112026, 0.110427, 0.108874, 0.107366, 0.1059, 0.104239, 0.102631, 0.101073, 0.0995627, 0.0980981, 0.096677, 0.0952976, 0.0952976, 0.0939579, 0.0926563, 0.0913911, 0.0901608, 0.088964, 0.0877993, 0.0866653, 0.085561, 0.084485, 0.0834364, 0.082414, 0.081417, 0.0804443, 0.079495, 0.0785683, 0.0776635, 0.0767797, 0.0759161, 0.0750722, 0.0742472, 0.0734405, 0.0726514, 0.0718795, 0.0711241, 0.0703847, 0.0696608, 0.0689519, 0.0682576, 0.0675774, 0.0669108, 0.0662575, 0.065617, 0.0649891, 0.0643732, 0.0637691, 0.0631764, 0.0625948, 0.0620241, 0.0614638, 0.0609137, 0.0603735, 0.0598429, 0.0593218, 0.0588098]
