    1   'ABM_ds_A'    0.144009    0.006825
    2   'ABM_ds_a'   -0.170983    0.008911
    3   'ABM_ds_b'    8.406467    0.270488
    4   'ABM_ds_g1'   13.475765    1.725419
    5   'ABM_dv_A'    1.000000    0.000000
    6   'ABM_dv_a'    0.341256    0.052096
    7   'ABM_dv_b'    4.061638    0.395105
    8   'ABM_dv_g1'   -3.720262    0.644439
    9   'ABM_dv_g2'    0.823942    1.431982
   10   'ABM_dv_g3'    0.000000    0.000000
   11   'ABM_g_A'    1.000000    0.000000
   12   'ABM_g_a'   -0.153404    0.006065
   13   'ABM_g_b'    6.129112    0.143894
   14   'ABM_g_g1'  -11.949709    1.328562
   15   'ABM_ss_A'    0.061047    0.003316
   16   'ABM_ss_a'   -0.335749    0.014850
   17   'ABM_ss_b'    6.533739    0.213454
   18   'ABM_us_A'    0.069085    0.005632
   19   'ABM_us_a'   -0.416009    0.021752
   20   'ABM_us_b'    7.977941    0.289793
   21   'ABM_us_g1'    4.995375    0.692529
   22   'ABM_us_gm1'    0.036246    0.002145
   23   'ABM_uv_A'    1.000000    0.000000
   24   'ABM_uv_a'    0.573421    0.022349
   25   'ABM_uv_b'    3.411518    0.045518
   26   'ABM_uv_g1'   -0.703764    0.219622
   27   'ABM_uv_g2'   -2.252058    0.283102
   28   'ABM_uv_g3'    1.527790    0.536993
   29   'N_BCDMS'    1.000000    0.000000
   30   'N_NMC120'    1.000000    0.000000
   31   'N_NMC200'    1.000000    0.000000
   32   'N_NMC280'    1.000000    0.000000
   33   'N_NMC90'    1.000000    0.000000
   34   'N_SLAC49a'    1.000000    0.000000
   35   'N_SLAC49b'    1.000000    0.000000
   36   'N_SLAC87'    1.000000    0.000000
   37   'N_SLAC89b'    1.000000    0.000000
   38   'ZERO'    0.000000    0.000000
   39   'alphas_Q0_start'    0.465289    0.007257
   40   'br_cmu_0'    0.090501    0.001850
   41   'br_cmu_1'    4.622985    0.761079
   42   'ht_alpha_f2'    0.000000    0.000000
   43   'ht_alpha_ft'    0.046476    0.056158
   44   'ht_f2_1'    0.024941    0.012028
   45   'ht_f2_2'   -0.025713    0.007810
   46   'ht_f2_3'   -0.000814    0.005275
   47   'ht_f2_4'    0.022312    0.003475
   48   'ht_f2_5'    0.045865    0.002609
   49   'ht_f2_6'    0.003931    0.002761
   50   'ht_f2_7'    0.000000    0.000000
   51   'ht_ft_1'   -0.299265    0.088193
   52   'ht_ft_2'   -0.137138    0.027219
   53   'ht_ft_3'   -0.079836    0.013256
   54   'ht_ft_4'    0.028037    0.012198
   55   'ht_ft_5'    0.016568    0.007358
   56   'ht_ft_6'    0.006972    0.004953
   57   'ht_ft_7'    0.000000    0.000000
   58   'htns_alpha_f2'    0.000000    0.000000
   59   'htns_alpha_f3'    0.000000    0.000000
   60   'htns_alpha_ft'    0.000000    0.000000
   61   'htns_f2_1'    0.000000    0.000000
   62   'htns_f2_2'   -0.064836    0.000000
   63   'htns_f2_3'    0.016308    0.000000
   64   'htns_f2_4'    0.280770    0.000000
   65   'htns_f2_5'    0.185130    0.000000
   66   'htns_f2_6'    0.093590    0.000000
   67   'htns_f2_7'    0.000000    0.000000
   68   'htns_f3_1'    0.000000    0.000000
   69   'htns_f3_2'   -0.260790    0.000000
   70   'htns_f3_3'   -0.457310    0.000000
   71   'htns_f3_4'    0.182790    0.000000
   72   'htns_f3_5'    0.132770    0.000000
   73   'htns_f3_6'    0.044260    0.000000
   74   'htns_f3_7'    0.000000    0.000000
   75   'htns_ft_1'    0.000000    0.000000
   76   'htns_ft_2'    0.000000    0.000000
   77   'htns_ft_3'    0.000000    0.000000
   78   'htns_ft_4'    0.000000    0.000000
   79   'htns_ft_5'    0.000000    0.000000
   80   'htns_ft_6'    0.000000    0.000000
   81   'htns_ft_7'    0.000000    0.000000
   82   'mbt'    3.823175    0.037163
   83   'mch'    1.258427    0.010782
   84   'mtFit'    1.000000    0.000000
   85   'mtp'  162.014021    0.196071
