SetDesc: "Generated using xFitter"
Format: lhagrid1
DataVersion: 1
NumMembers: 1
Flavors: [-6, -5, -4, -3, -2, -1, 1, 2, 3, 4, 5, 6, 21, ]
OrderQCD: 2
FlavorScheme: variable
ErrorType: symmhessian
XMin: 0.0001
XMax: 1
QMin: 1.6
QMax: 1000
MZ: 91.1876
MUp: 0
MDown: 0
MStrange: 0
MCharm: 1.46
MBottom: 4.5
MTop: 173
AlphaS_MZ: 0.118
AlphaS_OrderQCD: 2
AlphaS_Type: ipol
AlphaS_Qs: [1.6, 1.63826, 1.67795, 1.71912, 1.76184, 1.80619, 1.85225, 1.90008, 1.94979, 2.00145, 2.05516, 2.11103, 2.16916, 2.22966, 2.29265, 2.35825, 2.42661, 2.49785, 2.57213, 2.64961, 2.73046, 2.81485, 2.90297, 2.99503, 3.09123, 3.19181, 3.29701, 3.40708, 3.52229, 3.64295, 3.76935, 3.90184, 4.04075, 4.18648, 4.33942, 4.5, 4.5, 4.66989, 4.8485, 5.03637, 5.23406, 5.4422, 5.66144, 5.89251, 6.13615, 6.39318, 6.66448, 6.951, 7.25376, 7.57383, 7.91242, 8.27077, 8.65026, 9.05238, 9.4787, 9.93096, 10.411, 10.9209, 11.4628, 12.039, 12.6521, 13.305, 14.0006, 14.7421, 15.5332, 16.3778, 17.2799, 18.2444, 19.276, 20.3804, 21.5634, 22.8316, 24.1921, 25.6528, 27.222, 28.9093, 30.7248, 32.6798, 34.7868, 37.0593, 39.5122, 42.1622, 45.0273, 48.1277, 51.4855, 55.1252, 59.074, 63.3618, 68.0218, 73.0911, 78.6106, 84.6259, 91.1876, 97.5979, 104.541, 112.066, 120.229, 129.091, 138.72, 149.191, 160.587, 173, 173, 187.843, 204.171, 222.151, 241.972, 263.845, 288.008, 314.731, 344.318, 377.113, 413.505, 453.934, 498.902, 548.977, 604.806, 667.124, 736.773, 814.712, 902.036, 1000]
AlphaS_Vals: [0.33313, 0.328547, 0.324047, 0.319627, 0.319263, 0.315324, 0.311441, 0.307614, 0.303841, 0.300121, 0.296453, 0.292836, 0.289269, 0.285751, 0.282282, 0.278859, 0.275484, 0.272153, 0.268868, 0.265627, 0.262428, 0.259273, 0.256158, 0.253085, 0.250053, 0.247059, 0.244105, 0.241189, 0.238311, 0.23547, 0.232665, 0.229896, 0.227163, 0.224464, 0.221799, 0.219168, 0.21948, 0.217121, 0.214786, 0.212473, 0.210183, 0.207915, 0.20567, 0.203448, 0.201247, 0.199068, 0.19691, 0.194774, 0.192659, 0.190566, 0.188493, 0.186441, 0.184409, 0.182397, 0.180406, 0.178435, 0.176483, 0.174551, 0.172638, 0.170745, 0.16887, 0.167015, 0.165178, 0.16336, 0.16156, 0.159779, 0.158015, 0.15627, 0.154542, 0.152831, 0.151139, 0.149463, 0.147805, 0.146163, 0.144538, 0.14293, 0.141339, 0.139764, 0.138205, 0.136662, 0.135135, 0.133624, 0.132128, 0.130648, 0.129183, 0.127733, 0.126299, 0.124879, 0.123474, 0.122084, 0.120708, 0.119347, 0.118, 0.116801, 0.115614, 0.114438, 0.113273, 0.112119, 0.110975, 0.109843, 0.108722, 0.107611, 0.107611, 0.106409, 0.10522, 0.104044, 0.102879, 0.101727, 0.100587, 0.0994586, 0.0983422, 0.0972375, 0.0961444, 0.0950627, 0.0939924, 0.0929334, 0.0918856, 0.0908488, 0.089823, 0.088808, 0.0878037, 0.0868101]
