SetDesc: "..."
Authors: "..."
Reference: "..."
Format: lhagrid1
DataVersion: 1
NumMembers: 1
Flavors: [-6, -5, -4, -3, -2, -1, 1, 2, 3, 4, 5, 6, 21, ]
OrderQCD: 2
FlavorScheme: variable
ErrorType: symmhessian
XMin: 9.9e-07
XMax: 0.99085
QMin: 1
QMax: 14317.8
MZ: 91.1876
MUp: 0
MDown: 0
MStrange: 0
MCharm: 1.43
MBottom: 4.5
MTop: 173
AlphaS_MZ: 0.118
AlphaS_OrderQCD: 2
AlphaS_Type: ipol
AlphaS_Qs: [1, 1.11291, 1.23856, 1.3784, 1.40397, 1.43, 1.43, 1.50649, 1.58708, 1.67197, 1.7614, 1.85562, 1.95488, 2.05945, 2.16961, 2.28567, 2.40793, 2.53673, 2.67242, 2.81537, 2.96597, 3.12462, 3.29176, 3.46784, 3.65334, 3.84876, 4.05463, 4.27151, 4.5, 4.5, 4.8708, 5.27215, 5.70657, 6.17678, 6.68574, 7.23664, 7.83294, 8.47837, 9.17698, 9.93315, 10.7516, 11.6376, 12.5965, 13.6344, 14.7579, 15.9739, 17.2902, 18.7149, 20.257, 21.9261, 23.7328, 25.6884, 27.8051, 30.0962, 32.5761, 35.2603, 38.1657, 41.3106, 44.7145, 48.399, 52.387, 56.7037, 61.376, 66.4333, 71.9074, 77.8325, 84.2458, 91.1876, 100.139, 109.968, 120.763, 132.617, 145.634, 159.93, 175.628, 175.628, 192.868, 211.8, 232.59, 255.421, 280.493, 308.027, 338.263, 371.466, 407.929, 447.972, 491.945, 540.234, 593.263, 651.498, 715.449, 785.677, 862.799, 947.491, 1040.5, 1142.63, 1254.79, 1377.96, 1513.22, 1661.76, 1824.88, 2004.01, 2200.72, 2416.75, 2653.97, 2914.49, 3200.57, 3514.74, 3859.75, 4238.62, 4654.68, 5111.58, 5613.34, 6164.34, 6769.43, 7433.92, 8163.63, 8964.97, 9844.98, 10811.4, 11872.6, 13038, 14317.8]
AlphaS_Vals: [0.620104, 0.543622, 0.486467, 0.441707, 0.434956, 0.428442, 0.430761, 0.415165, 0.40078, 0.387464, 0.375095, 0.363569, 0.352798, 0.342707, 0.33323, 0.324309, 0.315895, 0.307942, 0.300413, 0.293273, 0.286491, 0.280039, 0.273893, 0.268031, 0.262432, 0.257079, 0.251954, 0.247044, 0.242334, 0.242333, 0.235532, 0.229125, 0.223078, 0.21736, 0.211944, 0.206807, 0.201925, 0.197281, 0.192857, 0.188636, 0.184605, 0.180751, 0.177062, 0.173528, 0.170138, 0.166884, 0.163757, 0.16075, 0.157857, 0.155069, 0.152383, 0.149791, 0.14729, 0.144874, 0.142539, 0.14028, 0.138095, 0.135979, 0.133929, 0.131943, 0.130016, 0.128146, 0.126332, 0.12457, 0.122857, 0.121193, 0.119574, 0.118, 0.116192, 0.114441, 0.112743, 0.111096, 0.109498, 0.107947, 0.10644, 0.10644, 0.104975, 0.103552, 0.102167, 0.10082, 0.0995095, 0.098233, 0.0969897, 0.0957782, 0.0945974, 0.093446, 0.092323, 0.0912272, 0.0901578, 0.0891137, 0.0880941, 0.087098, 0.0861248, 0.0851735, 0.0842434, 0.0833339, 0.0824442, 0.0815736, 0.0807217, 0.0798877, 0.0790712, 0.0782714, 0.0774881, 0.0767205, 0.0759683, 0.075231, 0.0745081, 0.0737993, 0.073104, 0.072422, 0.0717528, 0.0710961, 0.0704516, 0.0698188, 0.0691974, 0.0685873, 0.0679879, 0.0673992, 0.0668207, 0.0662522, 0.0656935, 0.0651443, 0.0646043]
