SetDesc: "..."
Authors: "..."
Reference: "..."
Format: lhagrid1
DataVersion: 1
NumMembers: 1
Flavors: [-6, -5, -4, -3, -2, -1, 1, 2, 3, 4, 5, 6, 21, ]
OrderQCD: 2
FlavorScheme: fixed
ErrorType: symmhessian
XMin: 8e-07
XMax: 1
QMin: 1
QMax: 10000
MZ: 91.1876
MUp: 0
MDown: 0
MStrange: 0
MCharm: 1.43
MBottom: 4.5
MTop: 173
AlphaS_MZ: 0.118
AlphaS_OrderQCD: 2
AlphaS_Type: ipol
AlphaS_Qs: [1, 1.02318, 1.04729, 1.07239, 1.09852, 1.12573, 1.15408, 1.18363, 1.21445, 1.2466, 1.28015, 1.31518, 1.35177, 1.39002, 1.43, 1.43, 1.47451, 1.52122, 1.57027, 1.6218, 1.67598, 1.73297, 1.79295, 1.85612, 1.92268, 1.99286, 2.0669, 2.14507, 2.22765, 2.31495, 2.40729, 2.50504, 2.60858, 2.71833, 2.83475, 2.95834, 3.08964, 3.22922, 3.37773, 3.53587, 3.70439, 3.88411, 4.07595, 4.28088, 4.5, 4.5, 4.7342, 4.98502, 5.25389, 5.54238, 5.85219, 6.18522, 6.54356, 6.9295, 7.34559, 7.79465, 8.27977, 8.80441, 9.3724, 9.98798, 10.6559, 11.3814, 12.1703, 13.0293, 13.9656, 14.9874, 16.104, 17.3255, 18.6637, 20.1314, 21.7435, 23.5165, 25.469, 27.6223, 30.0004, 32.6304, 35.5434, 38.7747, 42.3643, 46.3582, 50.809, 55.7767, 61.3305, 67.5498, 74.526, 82.3646, 91.1876, 99.5251, 108.766, 119.022, 130.418, 143.1, 157.232, 173, 173, 193.833, 217.605, 244.784, 275.922, 311.669, 352.793, 400.205, 454.986, 518.42, 592.041, 677.678, 777.528, 894.224, 1030.94, 1191.5, 1380.53, 1603.66, 1867.71, 2181, 2553.73, 2998.37, 3530.26, 4168.33, 4935.97, 5862.17, 6983.03, 8343.53, 10000]
AlphaS_Vals: [0.590214, 0.575884, 0.562124, 0.548898, 0.536171, 0.523914, 0.512098, 0.500698, 0.48969, 0.479051, 0.468763, 0.458807, 0.449165, 0.439822, 0.430766, 0.430761, 0.421433, 0.412393, 0.403629, 0.395127, 0.386875, 0.378863, 0.371078, 0.363512, 0.356155, 0.348997, 0.342031, 0.33525, 0.328644, 0.322209, 0.315936, 0.309821, 0.303857, 0.298038, 0.29236, 0.286818, 0.281407, 0.276121, 0.270959, 0.265914, 0.260983, 0.256163, 0.251451, 0.246842, 0.242334, 0.242333, 0.237928, 0.233617, 0.229398, 0.225268, 0.221224, 0.217264, 0.213386, 0.209588, 0.205866, 0.202221, 0.198648, 0.195146, 0.191714, 0.18835, 0.185052, 0.181818, 0.178646, 0.175536, 0.172486, 0.169494, 0.166558, 0.163678, 0.160853, 0.15808, 0.155359, 0.152689, 0.150068, 0.147495, 0.14497, 0.14249, 0.140056, 0.137667, 0.13532, 0.133016, 0.130753, 0.128531, 0.126349, 0.124205, 0.1221, 0.120032, 0.118, 0.116309, 0.114644, 0.113003, 0.111386, 0.109794, 0.108225, 0.106679, 0.106679, 0.104898, 0.103148, 0.101428, 0.099737, 0.0980752, 0.0964417, 0.094836, 0.0932577, 0.0917063, 0.0901811, 0.0886818, 0.0872078, 0.0857587, 0.0843341, 0.0829335, 0.0815565, 0.0802026, 0.0788715, 0.0775627, 0.0762758, 0.0750104, 0.0737663, 0.0725429, 0.0713399, 0.070157, 0.0689938, 0.0678499, 0.0667251]
