SetDesc: "..."
Authors: "..."
Reference: "..."
Format: lhagrid1
DataVersion: 1
NumMembers: 16
Flavors: [-6, -5, -4, -3, -2, -1, 1, 2, 3, 4, 5, 6, 21, ]
OrderQCD: 2
FlavorScheme: variable
ErrorType: symmhessian
XMin: 9.9e-07
XMax: 0.99085
QMin: 1
QMax: 14317.8
MZ: 91.1876
MUp: 0
MDown: 0
MStrange: 0
MCharm: 1.43
MBottom: 4.5
MTop: 173
AlphaS_MZ: 0.101355
AlphaS_OrderQCD: 2
AlphaS_Type: ipol
AlphaS_Qs: [1, 1.11291, 1.23856, 1.3784, 1.40397, 1.43, 1.43, 1.50649, 1.58708, 1.67197, 1.7614, 1.85562, 1.95488, 2.05945, 2.16961, 2.28567, 2.40793, 2.53673, 2.67242, 2.81537, 2.96597, 3.12462, 3.29176, 3.46784, 3.65334, 3.84876, 4.05463, 4.27151, 4.5, 4.5, 4.8708, 5.27215, 5.70657, 6.17678, 6.68574, 7.23664, 7.83294, 8.47837, 9.17698, 9.93315, 10.7516, 11.6376, 12.5965, 13.6344, 14.7579, 15.9739, 17.2902, 18.7149, 20.257, 21.9261, 23.7328, 25.6884, 27.8051, 30.0962, 32.5761, 35.2603, 38.1657, 41.3106, 44.7145, 48.399, 52.387, 56.7037, 61.376, 66.4333, 71.9074, 77.8325, 84.2458, 91.1876, 100.139, 109.968, 120.763, 132.617, 145.634, 159.93, 175.628, 175.628, 192.868, 211.8, 232.59, 255.421, 280.493, 308.027, 338.263, 371.466, 407.929, 447.972, 491.945, 540.234, 593.263, 651.498, 715.449, 785.677, 862.799, 947.491, 1040.5, 1142.63, 1254.79, 1377.96, 1513.22, 1661.76, 1824.88, 2004.01, 2200.72, 2416.75, 2653.97, 2914.49, 3200.57, 3514.74, 3859.75, 4238.62, 4654.68, 5111.58, 5613.34, 6164.34, 6769.43, 7433.92, 8163.63, 8964.97, 9844.98, 10811.4, 11872.6, 13038, 14317.8]
AlphaS_Vals: [0.26846, 0.256037, 0.2448, 0.234579, 0.232915, 0.231277, 0.231641, 0.22753, 0.223571, 0.219755, 0.216074, 0.212522, 0.209092, 0.205776, 0.20257, 0.199467, 0.196463, 0.193553, 0.190732, 0.187997, 0.185342, 0.182766, 0.180263, 0.177831, 0.175467, 0.173168, 0.170931, 0.168754, 0.166634, 0.16677, 0.163942, 0.161212, 0.158575, 0.156024, 0.153558, 0.15117, 0.148858, 0.146617, 0.144445, 0.142338, 0.140294, 0.138309, 0.136381, 0.134507, 0.132686, 0.130915, 0.129191, 0.127514, 0.12588, 0.124289, 0.122739, 0.121228, 0.119754, 0.118317, 0.116915, 0.115546, 0.11421, 0.112905, 0.11163, 0.110384, 0.109167, 0.107976, 0.106812, 0.105673, 0.104559, 0.103468, 0.102401, 0.101355, 0.100147, 0.0989677, 0.0978163, 0.096692, 0.0955938, 0.0945206, 0.0934718, 0.0934718, 0.0924464, 0.0914437, 0.0904629, 0.0895033, 0.0885642, 0.0876449, 0.0867449, 0.0858635, 0.0850001, 0.0841542, 0.0833253, 0.0825128, 0.0817163, 0.0809352, 0.0801692, 0.0794178, 0.0786806, 0.0779571, 0.077247, 0.07655, 0.0758656, 0.0751935, 0.0745334, 0.0738849, 0.0732479, 0.0726218, 0.0720066, 0.0714018, 0.0708072, 0.0702226, 0.0696477, 0.0690823, 0.0685261, 0.0679789, 0.0674406, 0.0669107, 0.0663893, 0.065876, 0.0653707, 0.0648732, 0.0643833, 0.0639009, 0.0634257, 0.0629577, 0.0624965, 0.0620422, 0.0615945]
