SetDesc: "..."
Authors: "..."
Reference: "..."
Format: lhagrid1
DataVersion: 1
NumMembers: 16
Flavors: [-6, -5, -4, -3, -2, -1, 1, 2, 3, 4, 5, 6, 21, ]
OrderQCD: 2
FlavorScheme: variable
ErrorType: symmhessian
XMin: 9.9e-07
XMax: 0.99085
QMin: 1
QMax: 14317.8
MZ: 91.1876
MUp: 0
MDown: 0
MStrange: 0
MCharm: 1.43
MBottom: 4.5
MTop: 173
AlphaS_MZ: 0.101582
AlphaS_OrderQCD: 2
AlphaS_Type: ipol
AlphaS_Qs: [1, 1.11291, 1.23856, 1.3784, 1.40397, 1.43, 1.43, 1.50649, 1.58708, 1.67197, 1.7614, 1.85562, 1.95488, 2.05945, 2.16961, 2.28567, 2.40793, 2.53673, 2.67242, 2.81537, 2.96597, 3.12462, 3.29176, 3.46784, 3.65334, 3.84876, 4.05463, 4.27151, 4.5, 4.5, 4.8708, 5.27215, 5.70657, 6.17678, 6.68574, 7.23664, 7.83294, 8.47837, 9.17698, 9.93315, 10.7516, 11.6376, 12.5965, 13.6344, 14.7579, 15.9739, 17.2902, 18.7149, 20.257, 21.9261, 23.7328, 25.6884, 27.8051, 30.0962, 32.5761, 35.2603, 38.1657, 41.3106, 44.7145, 48.399, 52.387, 56.7037, 61.376, 66.4333, 71.9074, 77.8325, 84.2458, 91.1876, 100.139, 109.968, 120.763, 132.617, 145.634, 159.93, 175.628, 175.628, 192.868, 211.8, 232.59, 255.421, 280.493, 308.027, 338.263, 371.466, 407.929, 447.972, 491.945, 540.234, 593.263, 651.498, 715.449, 785.677, 862.799, 947.491, 1040.5, 1142.63, 1254.79, 1377.96, 1513.22, 1661.76, 1824.88, 2004.01, 2200.72, 2416.75, 2653.97, 2914.49, 3200.57, 3514.74, 3859.75, 4238.62, 4654.68, 5111.58, 5613.34, 6164.34, 6769.43, 7433.92, 8163.63, 8964.97, 9844.98, 10811.4, 11872.6, 13038, 14317.8]
AlphaS_Vals: [0.270204, 0.257609, 0.246225, 0.235878, 0.234195, 0.232537, 0.232907, 0.228748, 0.224744, 0.220886, 0.217166, 0.213576, 0.210109, 0.20676, 0.203522, 0.200388, 0.197355, 0.194418, 0.19157, 0.18881, 0.186131, 0.183531, 0.181007, 0.178554, 0.17617, 0.173852, 0.171596, 0.169401, 0.167264, 0.167402, 0.164553, 0.161802, 0.159144, 0.156575, 0.15409, 0.151686, 0.149357, 0.147101, 0.144915, 0.142794, 0.140736, 0.138738, 0.136798, 0.134913, 0.13308, 0.131298, 0.129564, 0.127877, 0.126234, 0.124634, 0.123075, 0.121555, 0.120074, 0.118629, 0.117219, 0.115843, 0.1145, 0.113188, 0.111906, 0.110654, 0.109431, 0.108234, 0.107064, 0.10592, 0.104801, 0.103705, 0.102632, 0.101582, 0.100368, 0.0991838, 0.0980273, 0.0968981, 0.0957951, 0.0947174, 0.0936641, 0.0936641, 0.0926344, 0.0916276, 0.0906428, 0.0896793, 0.0887364, 0.0878136, 0.08691, 0.0860252, 0.0851586, 0.0843095, 0.0834775, 0.082662, 0.0818625, 0.0810786, 0.0803099, 0.0795558, 0.0788159, 0.0780899, 0.0773774, 0.076678, 0.0759913, 0.0753169, 0.0746546, 0.0740041, 0.0733649, 0.0727368, 0.0721196, 0.0715129, 0.0709165, 0.0703301, 0.0697534, 0.0691862, 0.0686284, 0.0680795, 0.0675395, 0.0670081, 0.0664852, 0.0659704, 0.0654636, 0.0649647, 0.0644734, 0.0639896, 0.0635131, 0.0630437, 0.0625813, 0.0621258, 0.0616768]
