SetDesc: ...
Authors: ...
Reference: ...
Format: lhagrid1
DataVersion: 1
NumMembers: 16
Flavors: [-6, -5, -4, -3, -2, -1, 21, 1, 2, 3, 4, 5, 6]
OrderQCD: 2
FlavorScheme: variable
ErrorType: symmhessian
XMin: 9.9e-07
XMax: 0.99085
QMin: 1
QMax: 14317.8
MZ: 91.1876
MUp: 0
MDown: 0
MStrange: 0
MCharm: 1.43
MBottom: 4.5
MTop: 173
AlphaS_MZ: 0.101356
AlphaS_OrderQCD: 3
AlphaS_Type: ipol
AlphaS_Qs: [1, 1.11291, 1.23856, 1.3784, 1.40397, 1.43, 1.43, 1.50649, 1.58708, 1.67197, 1.7614, 1.85562, 1.95488, 2.05945, 2.16961, 2.28567, 2.40793, 2.53673, 2.67242, 2.81537, 2.96597, 3.12462, 3.29176, 3.46784, 3.65334, 3.84876, 4.05463, 4.27151, 4.5, 4.5, 4.8708, 5.27215, 5.70657, 6.17678, 6.68574, 7.23664, 7.83294, 8.47837, 9.17698, 9.93315, 10.7516, 11.6376, 12.5965, 13.6344, 14.7579, 15.9739, 17.2902, 18.7149, 20.257, 21.9261, 23.7328, 25.6884, 27.8051, 30.0962, 32.5761, 35.2603, 38.1657, 41.3106, 44.7145, 48.399, 52.387, 56.7037, 61.376, 66.4333, 71.9074, 77.8325, 84.2458, 91.1876, 100.139, 109.968, 120.763, 132.617, 145.634, 159.93, 175.628, 175.628, 192.868, 211.8, 232.59, 255.421, 280.493, 308.027, 338.263, 371.466, 407.929, 447.972, 491.945, 540.234, 593.263, 651.498, 715.449, 785.677, 862.799, 947.491, 1040.5, 1142.63, 1254.79, 1377.96, 1513.22, 1661.76, 1824.88, 2004.01, 2200.72, 2416.75, 2653.97, 2914.49, 3200.57, 3514.74, 3859.75, 4238.62, 4654.68, 5111.58, 5613.34, 6164.34, 6769.43, 7433.92, 8163.63, 8964.97, 9844.98, 10811.4, 11872.6, 13038, 14317.8]
AlphaS_Vals: [0.268463, 0.25604, 0.244802, 0.234581, 0.232917, 0.231279, 0.231643, 0.227532, 0.223573, 0.219756, 0.216076, 0.212524, 0.209093, 0.205778, 0.202571, 0.199469, 0.196465, 0.193555, 0.190734, 0.187998, 0.185344, 0.182767, 0.180264, 0.177832, 0.175468, 0.173169, 0.170932, 0.168755, 0.166635, 0.166771, 0.163943, 0.161213, 0.158575, 0.156025, 0.153558, 0.151171, 0.148858, 0.146618, 0.144446, 0.142339, 0.140294, 0.138309, 0.136381, 0.134508, 0.132687, 0.130915, 0.129192, 0.127514, 0.125881, 0.12429, 0.122739, 0.121228, 0.119755, 0.118318, 0.116915, 0.115547, 0.11421, 0.112905, 0.11163, 0.110385, 0.109167, 0.107977, 0.106812, 0.105673, 0.104559, 0.103469, 0.102401, 0.101356, 0.100147, 0.098968, 0.0978167, 0.0966924, 0.0955941, 0.094521, 0.0934721, 0.0934721, 0.0924467, 0.091444, 0.0904632, 0.0895036, 0.0885645, 0.0876452, 0.0867452, 0.0858638, 0.0850004, 0.0841545, 0.0833256, 0.0825131, 0.0817165, 0.0809355, 0.0801695, 0.079418, 0.0786808, 0.0779573, 0.0772472, 0.0765502, 0.0758658, 0.0751937, 0.0745336, 0.0738851, 0.0732481, 0.072622, 0.0720067, 0.071402, 0.0708074, 0.0702228, 0.0696479, 0.0690825, 0.0685263, 0.0679791, 0.0674407, 0.0669109, 0.0663895, 0.0658762, 0.0653709, 0.0648734, 0.0643835, 0.0639011, 0.0634259, 0.0629578, 0.0624967, 0.0620423, 0.0615946]
